$D
[1] 9

$H
[1] 10

$K
[1] 1

$W1
              [,1]       [,2]        [,3]        [,4]       [,5]        [,6]       [,7]       [,8]
 [1,]  0.405283583  1.7603859 -4.15433783  0.25789706 -0.5812404  3.32881668 -1.3602131  2.5912490
 [2,] -0.003461504 -0.8413956  1.01398282 -1.93133354  0.0455089 -0.45026607  2.1098079 -0.6136616
 [3,] -0.009748492 -0.1308619  1.14608543 -1.86271686  0.2317805 -0.37520727  2.0736400 -0.4984141
 [4,]  0.034364753 -0.7574498  1.07479606  0.04676837  1.5965382 -0.39910196  2.1923342 -0.6171645
 [5,]  0.246131382 -1.5975042 -0.65893230  0.89541133 -1.0169826  0.48455890  0.6608090  0.4072130
 [6,]  0.179431511  0.7420060 -0.55730690 -0.16016462  0.4978675 -0.06376205 -2.6148243  0.3770434
 [7,] -0.060471404 -0.2020583  1.10362255  0.16274836  1.9176127 -0.40501688  2.1222761 -0.6151131
 [8,]  0.167410659  0.9017933  0.06543166  0.02181330  0.2435254  0.05000912 -2.7095297  0.8744555
 [9,]  0.201044791  0.5348038 -0.75990949  0.84138759 -1.2724066  0.39511187  0.7595243  0.2141989
            [,9]       [,10]
 [1,]  0.3315606  0.94358147
 [2,] -1.9037882  0.09853262
 [3,] -1.8590670 -0.79010061
 [4,] -1.8546253  0.13637457
 [5,]  2.3045055  0.80821216
 [6,] -1.0891337  0.91562503
 [7,] -1.8094364 -0.86445928
 [8,] -1.0887791  0.74129771
 [9,]  2.2515550 -1.47508006

$b1
           [,1]       [,2]     [,3]      [,4]      [,5]      [,6]       [,7]     [,8]     [,9]
[1,] -0.2361464 -0.2392792 1.474927 0.0323634 0.1312172 -3.024588 -0.9184081 -1.89162 2.005595
           [,10]
[1,] -0.06654333

$W2
            [,1]
 [1,]  0.8808287
 [2,]  2.4603111
 [3,] -6.1356315
 [4,]  2.8352262
 [5,] -3.1290365
 [6,]  4.7694894
 [7,] -5.3072982
 [8,]  4.0647948
 [9,]  4.0620262
[10,]  1.9672430

$b2
           [,1]
[1,] -0.1870665

