$D
[1] 9

$H
[1] 50

$K
[1] 1

$W1
              [,1]         [,2]       [,3]        [,4]        [,5]        [,6]       [,7]
 [1,] -0.165570695 -0.012157375 -2.5339283  0.65269728 -0.70778979  0.43093259  0.6888255
 [2,]  0.047106021  0.035116204  0.4120273 -0.17724330  0.15945854 -0.08512469  1.0358935
 [3,]  0.031940680  0.014221428  0.4539392 -0.18802811  0.21037830 -0.11262344  1.0756980
 [4,]  0.079328407 -0.002081996  0.4326785 -0.16579052  0.19841114 -0.10516259  1.0012840
 [5,] -0.022610617 -0.048852899 -0.3257943  0.10304819 -0.11157964  0.07313266  0.2020294
 [6,] -0.053856823  0.007432168 -0.2997444  0.12880562 -0.14284243  0.07678174 -0.4486136
 [7,]  0.053998071  0.007413522  0.3990311 -0.18713091  0.17633979 -0.11236056  1.1730116
 [8,] -0.021157053 -0.009660435 -0.2175277  0.09334947 -0.13752009  0.07932272 -0.4419467
 [9,] -0.005926868  0.004857188 -0.3785345  0.01817837 -0.05395383 -0.02078913  0.1808805
              [,8]        [,9]        [,10]       [,11]       [,12]       [,13]
 [1,]  0.192932761  0.67612201  0.177206002 -0.36875564  0.41291943 -0.20163413
 [2,] -0.037847659 -0.17654280  0.005775812  0.11054850 -0.10170669  0.08044021
 [3,] -0.031916570 -0.21607661 -0.056850798  0.11112264 -0.09048288  0.04146449
 [4,] -0.067183314 -0.18407311 -0.013301880  0.12510157 -0.12604347  0.05880228
 [5,]  0.033672794  0.07945739  0.017682322 -0.01832420  0.03568818 -0.01533550
 [6,]  0.020456349  0.11617669  0.033678264 -0.07076725  0.06228369 -0.06307575
 [7,]  0.005690067 -0.18867864 -0.032121636  0.06125295 -0.05525432  0.04930519
 [8,]  0.025431415  0.08613478  0.022064911 -0.08935052  0.07561754 -0.05990934
 [9,] -0.026675858 -0.01598678 -0.016106441 -0.04612257  0.02223333 -0.03159645
             [,14]       [,15]      [,16]       [,17]       [,18]      [,19]       [,20]
 [1,]  0.501289337  0.65740972  0.8891207  0.25255006  0.62612034 -0.2849546 -0.13358224
 [2,] -0.091434491 -0.16964206 -2.2388848 -0.09063896 -0.19206820 -0.2399933  0.23592810
 [3,] -0.134067179 -0.19766306 -2.4537439 -0.04752511 -0.21418890 -0.1854083  0.23999141
 [4,] -0.122750434 -0.19382907 -2.2315545 -0.09053358 -0.19924155  1.6167783  0.83236198
 [5,]  0.077376255  0.08346835  0.5951287  0.02407394  0.05824117 -0.2761012 -0.27441357
 [6,]  0.077754839  0.11278208  0.8650550  0.04688683  0.08628281 -0.1557619 -0.01134881
 [7,] -0.114132902 -0.17456112 -2.4422215 -0.07809506 -0.14453141  1.5659139  0.94683403
 [8,]  0.076478217  0.07215643  0.8505834  0.05956825  0.12695680 -0.1166430 -0.22366881
 [9,]  0.002834771  0.01206304  0.8498603  0.01485215  0.01798231 -0.2014632 -0.13836367
            [,21]      [,22]       [,23]         [,24]      [,25]       [,26]       [,27]
 [1,]  0.58171337  1.3969352  0.33376267  0.3251735088  0.5527451  1.13683915  0.18726005
 [2,] -0.13368002 -0.3580333  0.02300365 -0.0516149783 -1.0387507 -0.52037820 -0.02031230
 [3,] -0.16038939 -0.3562042 -0.06155559 -0.0581899692 -1.0620895  0.28331541 -0.02041513
 [4,] -0.19231140 -0.3635435  0.05541448 -0.0579376626 -0.7966365  0.02317736 -0.04566717
 [5,]  0.08212763  0.2651630  0.11016352  0.0248488460 -1.6532878  0.17048103  0.02499044
 [6,]  0.11323985  0.3077596  0.05256233  0.0275267484  2.4921804  0.66167568  0.01393463
 [7,] -0.11371503 -0.3513452 -0.10283175 -0.0756012150 -0.9967085 -0.64221845 -0.01052849
 [8,]  0.10114358  0.3282750  0.08479684  0.0461067614  2.7114984 -0.55156789  0.03153182
 [9,]  0.02522592  0.2481721 -0.05207168  0.0002972509 -1.5920074  0.22994935 -0.01517836
           [,28]        [,29]        [,30]       [,31]       [,32]      [,33]       [,34]
 [1,]  1.0076804 -0.420144981  0.059683997  0.26432342 -0.36543635 -1.2330358 -0.56539796
 [2,] -0.1554588  0.075797141 -0.022127711 -0.02439834  0.09635320  0.6761685  1.87188784
 [3,] -0.2956949  0.130540654 -0.004631478 -0.08550611  0.08956894 -0.2415030  1.59013133
 [4,] -0.2599455  0.119536199  0.009217444  0.01405645  0.12473895  0.6850429  0.09331687
 [5,]  0.1996204 -0.108461284  0.012015991  0.05527638 -0.07664376  0.4396644 -0.82855998
 [6,]  0.2357199 -0.081890451  0.005101122  0.06742675 -0.09611091 -0.2573316  0.25285195
 [7,] -0.2485155  0.110774454 -0.039424005 -0.10233418  0.06878543 -0.3106271 -0.14733516
 [8,]  0.2591323 -0.094540500  0.004699617  0.05318318 -0.09293104 -0.3077901  0.06990588
 [9,]  0.1278041  0.001549543 -0.016417811 -0.05090236 -0.02656441 -0.6188517 -0.55967005
            [,35]       [,36]        [,37]       [,38]      [,39]       [,40]      [,41]
 [1,]  0.47682689 -0.32177832  0.213630479 -1.21732806  1.4337340 -0.74927766  2.1533307
 [2,] -0.08284031  0.08298185 -0.039841481 -0.05413957 -0.2954854  0.24150620 -0.3934870
 [3,] -0.14649578  0.09577347 -0.061537177  0.44399030 -0.3309463  0.12914185 -0.4337496
 [4,] -0.10274856  0.07247941 -0.056911365  0.25904670 -0.3282062  0.24757573 -0.4167210
 [5,]  0.07798476 -0.06593432  0.007438068 -0.40468814  0.2436833 -0.05726506  0.3363333
 [6,]  0.08029044 -0.07498220  0.048252779 -0.34063913  0.3043657 -0.17314658  0.3301249
 [7,] -0.12523258  0.11941240 -0.061958007  0.53157782 -0.3038812  0.06974671 -0.3836194
 [8,]  0.06145031 -0.06928071 -0.000573627 -0.48235210  0.2739229 -0.20416789  0.2561579
 [9,] -0.01457443 -0.06410155 -0.007678884 -0.11856722  0.2258783 -0.15254785  0.3767091
            [,42]       [,43]       [,44]       [,45]       [,46]       [,47]      [,48]
 [1,]  0.91340921 -3.59438694  0.45252643 -0.33141272 -0.24592092 -0.59576501  0.7693016
 [2,] -0.26564175  0.25491864 -0.11887906  0.11914974  0.05236449  0.13930285 -0.9529618
 [3,] -0.30859720  0.32298862 -0.13261275  0.12112774  0.05915301  0.18188229 -0.8678349
 [4,] -0.36071771  0.30738003 -0.07895083  0.14420216  0.08646801  0.14465265 -0.8352300
 [5,]  0.11413119 -0.03903503  0.06955881 -0.06297454 -0.04772082 -0.11587777  2.4647132
 [6,]  0.15002922 -0.09306051  0.08550654 -0.07465704 -0.05741502 -0.10341540 -1.9321665
 [7,] -0.33663424  0.24513824 -0.11453343  0.11473899  0.06633035  0.18172817 -1.0448465
 [8,]  0.14576093  0.01064721  0.04862817 -0.09888500 -0.02677516 -0.12069315 -1.6431068
 [9,] -0.01501763 -0.10387375 -0.04302006 -0.04440734 -0.02537465 -0.02130361  2.5011050
           [,49]      [,50]
 [1,]  1.7437543 -1.1097106
 [2,] -0.3714194  0.1743629
 [3,] -0.3817651  0.2353060
 [4,] -0.3787368  0.2095362
 [5,]  0.3077460 -0.2321517
 [6,]  0.3273476 -0.2701423
 [7,] -0.3665063  0.2151255
 [8,]  0.3060404 -0.2468612
 [9,]  0.3177206 -0.1931345

$b1
             [,1]         [,2]     [,3]        [,4]      [,5]       [,6]       [,7]
[1,] -0.002743768 -0.001029674 1.987213 -0.06760747 0.1562766 -0.0304989 -0.3287358
              [,8]        [,9]       [,10]        [,11]       [,12]        [,13]
[1,] -1.511567e-05 -0.01965799 0.001756464 -0.004875082 -0.02576855 -0.001239199
           [,14]       [,15]    [,16]     [,17]       [,18]      [,19]     [,20]
[1,] -0.06343346 -0.03019725 2.758047 0.0114042 -0.01878939 -0.2456603 0.2076433
           [,21]      [,22]       [,23]       [,24]      [,25]     [,26]       [,27]
[1,] -0.08471677 -0.8427786 -0.04020996 -0.01606205 -0.5686992 0.3329769 -0.00399296
          [,28]      [,29]       [,30]      [,31]      [,32]      [,33]      [,34]
[1,] -0.4949205 0.04359283 0.002730465 0.02515767 0.06580387 -0.2190287 -0.1826184
           [,35]      [,36]        [,37]     [,38]      [,39]     [,40]    [,41]
[1,] -0.02121486 0.03634564 0.0005640327 0.6001248 -0.9652217 0.3260598 -1.70114
           [,42]    [,43]      [,44]        [,45]       [,46]      [,47]      [,48]
[1,] -0.04682633 2.904398 -0.0115257 -0.003133898 0.009960848 0.07336356 -0.4304722
         [,49]     [,50]
[1,] -1.308146 0.9227189

$W2
             [,1]
 [1,] -0.19914329
 [2,] -0.02175126
 [3,] -3.05949565
 [4,]  0.77872087
 [5,] -0.83525428
 [6,]  0.50422345
 [7,] -2.38007652
 [8,]  0.21204912
 [9,]  0.80154527
[10,]  0.19195592
[11,] -0.43232689
[12,]  0.47267434
[13,] -0.24087275
[14,]  0.57693224
[15,]  0.77802878
[16,]  4.95153803
[17,]  0.30894430
[18,]  0.75503509
[19,] -2.47732897
[20,] -1.31819873
[21,]  0.68928235
[22,]  1.76525402
[23,]  0.35940793
[24,]  0.35471133
[25,]  4.18681834
[26,]  1.34167154
[27,]  0.19894936
[28,]  1.23779975
[29,] -0.49702245
[30,]  0.07106828
[31,]  0.30604313
[32,] -0.43567554
[33,] -1.40469015
[34,] -3.11085548
[35,]  0.55203359
[36,] -0.38650995
[37,]  0.24652768
[38,] -1.61371493
[39,]  1.76656788
[40,] -0.88896346
[41,]  2.66760912
[42,]  1.14112185
[43,] -4.06127644
[44,]  0.52397557
[45,] -0.42521680
[46,] -0.28533972
[47,] -0.70387928
[48,]  4.11728519
[49,]  2.19022722
[50,] -1.37994795

$b2
          [,1]
[1,] 0.2191836