$D
[1] 9

$H
[1] 50

$K
[1] 1

$W1
              [,1]         [,2]       [,3]        [,4]        [,5]        [,6]       [,7]
 [1,]  0.028096858 -0.054733724 -1.4531977  0.48120649 -0.37113194  0.35922196 -1.4490580
 [2,] -0.008255800  0.016512102  0.2660833 -0.15456136  0.11217508 -0.11348784  1.0720938
 [3,] -0.005825797  0.011839800  0.2621601 -0.11656527  0.08361963 -0.08392727 -0.4403506
 [4,] -0.007135004  0.014128932  0.2695797 -0.13513535  0.09806299 -0.09846699  1.7532967
 [5,]  0.001560586 -0.002783549 -0.1569953  0.01915083 -0.01889425  0.01542818 -1.0386152
 [6,]  0.004375841 -0.008437144 -0.2777403  0.06567687 -0.05485831  0.05104922  0.5900044
 [7,] -0.008059279  0.015923568  0.2796741 -0.14999280  0.10941273 -0.10990839  1.6770794
 [8,]  0.004071010 -0.007749812 -0.2917162  0.06363352 -0.05319269  0.04832072 -0.9599814
 [9,]  0.001988221 -0.003450834 -0.1100844  0.02475069 -0.02247020  0.02001110  0.5107397
              [,8]        [,9]       [,10]        [,11]       [,12]        [,13]
 [1,]  0.214483728  0.46536002  0.22603272 -0.110135812  0.31243320 -0.021087856
 [2,] -0.066612816 -0.15112731 -0.07016973  0.033542297 -0.09898712  0.006420212
 [3,] -0.048185095 -0.11348223 -0.05084728  0.024093497 -0.07260926  0.004630196
 [4,] -0.057348883 -0.13173439 -0.06045159  0.028767636 -0.08555040  0.005460944
 [5,]  0.009864841  0.01755167  0.01041028 -0.005415833  0.01325550 -0.001032962
 [6,]  0.031659509  0.06299246  0.03333067 -0.016745749  0.04463515 -0.003254116
 [7,] -0.064386197 -0.14631320 -0.06785705  0.032379236 -0.09566510  0.006150788
 [8,]  0.029290741  0.06041047  0.03090198 -0.015407338  0.04173086 -0.002968335
 [9,]  0.012870913  0.02341878  0.01354062 -0.006862218  0.01753594 -0.001262247
            [,14]       [,15]     [,16]        [,17]      [,18]      [,19]       [,20]
 [1,]  0.40993131  0.44898081  1.743318  0.136173121  1.8283479 -1.7190593 -0.70225973
 [2,] -0.12881989 -0.14526262 -1.564966 -0.041265078 -1.6619001 -0.6176844 -0.09164431
 [3,] -0.09617555 -0.10882833 -1.274263 -0.029553739 -1.6845708  1.2237129 -0.20903468
 [4,] -0.11232000 -0.12652701 -1.260598 -0.035498038 -1.3932586  1.6405610  1.25865920
 [5,]  0.01800555  0.01726316 -1.094868  0.006841727  1.2584295  0.7604810 -0.20856119
 [6,]  0.05801825  0.06122265  2.640146  0.020701711  1.2992076 -1.1453035 -0.18420633
 [7,] -0.12509652 -0.14063119 -1.631928 -0.039972014  0.5374389  1.5586809  1.17902918
 [8,]  0.05576372  0.05857648  3.020204  0.019135662 -0.6846134  0.8064347 -0.28448118
 [9,]  0.02276132  0.02295308 -1.005368  0.008731968 -0.6820765 -1.1211639 -0.03564546
            [,21]      [,22]       [,23]       [,24]      [,25]       [,26]        [,27]
 [1,]  0.41151868  0.5375620  0.40767741  0.26634549  1.6221877  0.60711676  0.202375595
 [2,] -0.13063224 -0.3817177 -0.12598476 -0.08336172 -1.7286211 -0.20356545 -0.062469124
 [3,] -0.09745433  0.6857511 -0.09417644 -0.06074511 -1.6789221 -0.15561233 -0.045116780
 [4,] -0.11375255 -0.4001599 -0.11007556 -0.07192388  0.5010953 -0.17854406 -0.053783627
 [5,]  0.01730222 -0.2102687  0.01919393  0.01188401 -0.4991422  0.01884980  0.009522288
 [6,]  0.05764503  0.3168940  0.05870267  0.03876625 -0.6412335  0.07672862  0.030079520
 [7,] -0.12666233  0.4884987 -0.12263275 -0.08060205 -1.1021954 -0.19725762 -0.060420322
 [8,]  0.05515831  0.3299889  0.05679020  0.03609324  0.9253312  0.07502787  0.027847009
 [9,]  0.02231120  0.7162048  0.02349921  0.01553753  1.0068175  0.02622419  0.012332648
            [,28]       [,29]        [,30]       [,31]        [,32]       [,33]      [,34]
 [1,]  0.59303465 -0.27231714  0.143402296  0.31230096 -0.174453278 -0.58306549 -1.1625822
 [2,]  0.11417062  0.08157212 -0.043681807 -0.10028259  0.052227169  0.18317716  1.2347417
 [3,] -0.32456993  0.05975312 -0.031317490 -0.07349502  0.037716794  0.14140898  1.3184462
 [4,]  0.88498448  0.07079308 -0.037561743 -0.08650980  0.045021963  0.16223025  1.3322236
 [5,]  0.62724634 -0.01424505  0.007076933  0.01250040 -0.009112586 -0.02544948 -2.7087933
 [6,]  0.47741174 -0.04122413  0.021688880  0.04404893 -0.026760635 -0.07971076  0.7697376
 [7,] -0.40696075  0.07934351 -0.042289796 -0.09674170  0.050629423  0.17924859  1.3224245
 [8,]  0.23840021 -0.03919013  0.020020773  0.04088974 -0.024986567 -0.08038283  0.9003129
 [9,] -0.08566164 -0.01717444  0.009083288  0.01699161 -0.011193459 -0.03027902 -2.8228415
            [,35]        [,36]        [,37]       [,38]       [,39]       [,40]      [,41]
 [1,]  0.41110306 -0.123099843  0.163357333 -0.71021450  1.02831065 -0.36569312  1.3610113
 [2,] -0.13083011  0.037165605 -0.049996046 -0.73904430 -0.27639039  0.10547426 -0.2922772
 [3,] -0.09757039  0.026714867 -0.035933614  0.49412346 -0.23654494  0.07866551 -0.2751371
 [4,] -0.11387719  0.031918685 -0.043006533  0.60191014 -0.25916517  0.09274973 -0.2874181
 [5,]  0.01709349 -0.006244809  0.007925505 -0.25358776  0.08671233 -0.02167735  0.1527856
 [6,]  0.05744344 -0.018840277  0.024564897  0.43055446  0.16322593 -0.05647819  0.2523184
 [7,] -0.12680442  0.035941193 -0.048383007 -0.26840842 -0.28310351  0.10361425 -0.3070599
 [8,]  0.05488884 -0.017413676  0.022684707 -0.59775411  0.18417962 -0.05557533  0.2753599
 [9,]  0.02215523 -0.007803672  0.010210144 -0.07145264  0.07406842 -0.02440931  0.1125727
            [,42]      [,43]       [,44]        [,45]        [,46]       [,47]      [,48]
 [1,]  0.72482244 -3.4873989  0.42035814 -0.066252943 -0.065110625 -0.36611667  1.5547616
 [2,] -1.25224505 -1.1305650 -0.13451992  0.020011442  0.019641035  0.11117825 -0.6689120
 [3,] -1.28631263 -1.1953676 -0.10041951  0.014348374  0.014082634  0.08277582 -0.5870125
 [4,]  0.07904198 -1.0158038 -0.11708102  0.017139258  0.016824746  0.09708291 -0.3570765
 [5,]  0.05255664  0.1370707  0.01704508 -0.003354602 -0.003306755 -0.01832828  1.0866485
 [6,]  0.20575148  0.2013251  0.05830493 -0.010191041 -0.010025738 -0.05392260 -1.3075401
 [7,] -0.06589273 -1.2561089 -0.13030964  0.019308633  0.018956093  0.10833753 -0.8069655
 [8,]  0.32202157  0.2697054  0.05568955 -0.009369375 -0.009212473 -0.05212884 -0.8819263
 [9,]  0.15309449  0.3309400  0.02228426 -0.004187486 -0.004119144 -0.02197122  1.3374480
            [,49]       [,50]
 [1,]  1.18808637 -0.92021594
 [2,] -0.28979557  0.18698038
 [3,] -0.25965578  0.16627880
 [4,] -0.27779984  0.18278977
 [5,]  0.12360346 -0.11498738
 [6,]  0.20672553 -0.17785258
 [7,] -0.30211014  0.20144829
 [8,]  0.23255653 -0.19672993
 [9,]  0.09711007 -0.08868988

$b1
             [,1]         [,2]     [,3]        [,4]      [,5]        [,6]       [,7]
[1,] -0.002884168 -0.007100351 1.183271 -0.05990972 0.1041745 -0.03477371 -0.5835541
           [,8]        [,9]       [,10]       [,11]        [,12]       [,13]       [,14]
[1,] 0.01258108 -0.03920009 0.004712642 -0.01879443 -0.008824369 -0.01142479 -0.06283522
           [,15]     [,16]      [,17]   [,18]      [,19]     [,20]       [,21]     [,22]
[1,] -0.03820674 -1.056751 0.01086272 0.22285 -0.4294709 0.4945979 -0.04974873 0.6502286
           [,23]        [,24]     [,25]       [,26]      [,27]     [,28]      [,29]
[1,] -0.08437604 -0.004142636 0.6388248 -0.04025476 0.00836636 0.2625484 0.08299179
          [,30]     [,31]      [,32]     [,33]    [,34]       [,35]      [,36]      [,37]
[1,] 0.01962545 0.0121399 0.05196885 0.1238251 1.199454 -0.04610647 0.01340757 0.01643093
          [,38]     [,39]     [,40]      [,41]      [,42]    [,43]       [,44]       [,45]
[1,] -0.8725994 -0.485075 0.1619365 -0.9557223 0.07727602 7.680285 -0.04217707 -0.01105726
            [,46]      [,47]      [,48]      [,49]     [,50]
[1,] -0.006696464 0.09629605 -0.7872959 -0.6959104 0.7547371

$W2
             [,1]
 [1,]  0.04177638
 [2,] -0.05399065
 [3,] -1.59090945
 [4,]  0.57561112
 [5,] -0.42151165
 [6,]  0.43008997
 [7,] -3.38230353
 [8,]  0.25948596
 [9,]  0.55804230
[10,]  0.27292512
[11,] -0.11845449
[12,]  0.37535711
[13,] -0.01509245
[14,]  0.48925351
[15,]  0.53823979
[16,]  5.16644521
[17,]  0.16735074
[18,]  3.70705353
[19,] -3.48659901
[20,] -1.77211152
[21,]  0.49208014
[22,]  0.97534913
[23,]  0.48504699
[24,]  0.32049549
[25,]  3.44746730
[26,]  0.73087572
[27,]  0.24505092
[28,]  1.08762536
[29,] -0.30575293
[30,]  0.17594636
[31,]  0.37623822
[32,] -0.19222634
[33,] -0.67475855
[34,] -4.38566700
[35,]  0.49183085
[36,] -0.13313361
[37,]  0.19929235
[38,] -1.22029645
[39,]  1.19784183
[40,] -0.41148031
[41,]  1.54235530
[42,]  1.85755011
[43,] -4.01275131
[44,]  0.50328599
[45,] -0.06736985
[46,] -0.06600821
[47,] -0.41603353
[48,]  2.67146016
[49,]  1.36938176
[50,] -1.01669527

$b2
          [,1]
[1,] 0.6841709