$D
[1] 9

$H
[1] 50

$K
[1] 1

$W1
              [,1]          [,2]        [,3]         [,4]        [,5]          [,6]
 [1,] -0.129991970  2.647421e-02 -1.51732457  0.679361967 -0.64991543  0.4684631495
 [2,]  0.024058833 -4.506160e-03  0.18901995 -0.145107264  0.11576625 -0.0958301571
 [3,]  0.030507971 -6.139505e-03 -0.13961898 -0.176758335  0.15090835 -0.1199879668
 [4,]  0.035556603 -7.779810e-03  0.20072748 -0.195174509  0.15884891 -0.1347083655
 [5,] -0.005151099 -4.800310e-04 -0.79499203  0.021577756 -0.05709780  0.0136125205
 [6,] -0.001646410 -7.388539e-05 -0.23133227  0.002967459 -0.03327235  0.0001504822
 [7,]  0.020563889 -4.206877e-03  0.01909885 -0.130697529  0.10578582 -0.0858621628
 [8,] -0.003721213  5.806727e-04 -0.41380071  0.007891165 -0.03858254  0.0081841404
 [9,] -0.007828634  2.069329e-03 -0.27816170  0.031230973 -0.05232508  0.0230095557
            [,7]          [,8]         [,9]         [,10]         [,11]         [,12]
 [1,] -0.0717679  0.2367400765  0.695934178  0.2196796325 -0.3201078875  0.4436122504
 [2,]  0.7578406 -0.0454775500 -0.155028042 -0.0412576809  0.0638358564 -0.0903461559
 [3,]  0.8276513 -0.0575811864 -0.187726595 -0.0537399029  0.0806740471 -0.1126861711
 [4,]  0.3375511 -0.0667788764 -0.207870294 -0.0609166703  0.0915009889 -0.1276282243
 [5,]  0.1179381  0.0072389757  0.011612882  0.0065641018 -0.0094182414  0.0128033020
 [6,]  0.1444575  0.0001301192 -0.006350553  0.0004063954 -0.0005701432  0.0002926378
 [7,]  0.4223526 -0.0387324981 -0.139951502 -0.0362539344  0.0560002904 -0.0800418892
 [8,]  0.2694635  0.0056554118 -0.001950916  0.0054161078 -0.0069142171  0.0081965953
 [9,]  0.5280906  0.0132583470  0.022975500  0.0126357249 -0.0169801103  0.0228174175
             [,13]        [,14]        [,15]      [,16]         [,17]        [,18]
 [1,] -0.163708369  0.529489251  0.678043454  0.5677596  0.3087710612  0.655995779
 [2,]  0.031028590 -0.107260016 -0.149194034 -1.3934651 -0.0620549458 -0.144476618
 [3,]  0.038895600 -0.133960768 -0.180750246 -1.8746665 -0.0775468586 -0.175024670
 [4,]  0.044644238 -0.149337336 -0.200905058 -1.4711469 -0.0890279649 -0.195242453
 [5,] -0.006001929  0.018851428  0.013907662 -0.2284479  0.0081110115  0.012909273
 [6,] -0.001717486  0.003526941 -0.003767133  0.3936495 -0.0006815719 -0.003979861
 [7,]  0.026224370 -0.096047648 -0.134439715 -1.7182960 -0.0544821443 -0.130193224
 [8,] -0.005085835  0.010978979  0.001020271  0.3129212  0.0063755406  0.001947279
 [9,] -0.010075044  0.028132506  0.025779026  0.3449543  0.0164539416  0.025393487
           [,19]      [,20]        [,21]      [,22]        [,23]         [,24]      [,25]
 [1,] -1.3341465 -1.4228008  0.614335452  1.1997665  0.354996439  0.3537567315  1.6219320
 [2,] -0.4532180  1.0932056 -0.124774804 -0.2289111 -0.067689940 -0.0700910035 -1.4513329
 [3,]  0.9454607 -0.7919297 -0.154743739 -0.2604790 -0.087537739 -0.0885315682 -1.4843152
 [4,]  1.9035351  1.4599481 -0.171055418 -0.2693274 -0.097137166 -0.1004229019 -1.3428535
 [5,]  0.4314867 -1.3247142  0.026353852  0.3495394  0.012714088  0.0100398805 -1.1539999
 [6,] -0.9737255  1.0236510  0.008631086  0.2357094  0.001509260 -0.0003508064  2.7191270
 [7,]  1.9708379  1.6059563 -0.111897888 -0.2245557 -0.061162288 -0.0621950171 -1.6167447
 [8,]  0.3159084 -1.0453874  0.014665988  0.2368155  0.009523491  0.0072334757  2.9484090
 [9,] -1.0439094  0.5068527  0.034114587  0.2169878  0.019529944  0.0188305378 -0.9506955
              [,26]         [,27]      [,28]        [,29]         [,30]        [,31]
 [1,]  0.4904451897  0.2261406465  0.9812633 -0.377284215  0.1113010072  0.307866517
 [2,] -1.3957684534 -0.0429403914 -0.1538061  0.073535042 -0.0208555184 -0.060986196
 [3,]  0.4656635179 -0.0545581876 -0.2160374  0.093640182 -0.0260997513 -0.078819540
 [4,] -0.0009350756 -0.0631403270 -0.1908636  0.105123752 -0.0302167996 -0.087698968
 [5,] -0.0693469654  0.0069720846  0.2499965 -0.014396167  0.0035227937  0.007951748
 [6,]  0.5709834683  0.0002049025  0.1754388 -0.002932850  0.0002376524 -0.001127799
 [7,] -0.1654562827 -0.0368923729 -0.1648824  0.065121586 -0.0179749582 -0.055466669
 [8,] -0.2463574054  0.0057328307  0.1807209 -0.009756365  0.0030975548  0.005829962
 [9,]  0.1210570340  0.0130712449  0.1577840 -0.021037508  0.0069825132  0.014639216
             [,32]       [,33]       [,34]        [,35]        [,36]         [,37]
 [1,] -0.328895649 -0.87313721 -1.21466868  0.505971662 -0.287172000  0.2632914062
 [2,]  0.061948814  0.55034403  2.07578569 -0.105450001  0.054735222 -0.0510184512
 [3,]  0.078653324 -0.29167315  1.92614568 -0.131876209  0.069914615 -0.0651485141
 [4,]  0.089379785  0.39009653 -0.16917960 -0.147225963  0.078702991 -0.0744061494
 [5,] -0.014534937  0.48565336 -0.04456967  0.013018613 -0.011220663  0.0073507925
 [6,] -0.004809133 -0.04104283  0.12065286 -0.001347006 -0.002541390  0.0001820659
 [7,]  0.053427555 -0.71060014  0.41403566 -0.095219925  0.048202424 -0.0448030956
 [8,] -0.010988491 -0.28856652 -0.71250912  0.006294864 -0.008337806  0.0055194655
 [9,] -0.020830815 -0.56857508 -0.73224140  0.023026109 -0.017864703  0.0146899136
           [,38]      [,39]       [,40]      [,41]      [,42]      [,43]        [,44]
 [1,] -1.0588932  1.1836720 -0.71108791  1.4451682  0.9405303 -3.2774733  0.484091284
 [2,]  0.1809862 -0.2176765  0.08358017 -0.2034832 -1.2406078 -1.0416354 -0.101173529
 [3,]  0.2397183 -0.2343417  0.13768815 -0.0405922 -1.2330382 -0.5369337 -0.126367010
 [4,]  0.2178809 -0.2609321  0.11796416 -0.2486789 -0.1984513 -0.9095672 -0.141357419
 [5,] -0.2753641  0.3691657 -0.15586295  0.6540235  1.0859004  0.9535074  0.011780487
 [6,] -0.1951211  0.2433735 -0.10834548  0.2837461  1.0338984  0.1322071 -0.002102589
 [7,]  0.1913220 -0.2069378  0.08844279 -0.1147199  0.8350266 -0.7531456 -0.091131442
 [8,] -0.1995746  0.2460522 -0.11946743  0.3463051 -0.8944504  0.3686303  0.005660568
 [9,] -0.1753436  0.2257499 -0.10580712  0.3303207 -0.9168529  0.3623344  0.021107671
              [,45]        [,46]        [,47]      [,48]      [,49]      [,50]
 [1,] -0.3120114166 -0.205737540 -0.539262061  1.6964671  1.3033202 -0.9550342
 [2,]  0.0623415412  0.038682165  0.108345642 -0.8813137 -0.2297029  0.1344587
 [3,]  0.0787957256  0.049523765  0.135339055 -1.5418430 -0.1852421  0.1554676
 [4,]  0.0893404123  0.056702162  0.149706629 -1.1919552 -0.2824174  0.1750634
 [5,] -0.0099166792 -0.007779295 -0.022384021  2.4290650  0.4757667 -0.3180690
 [6,] -0.0007290973 -0.001610673 -0.006362496 -1.1906389  0.2769915 -0.2138111
 [7,]  0.0550186669  0.033516530  0.097086463 -1.2370496 -0.1932451  0.1313515
 [8,] -0.0071726422 -0.005405650 -0.013214629 -1.5073689  0.2911903 -0.2232213
 [9,] -0.0168543296 -0.012322455 -0.029882887  2.9053782  0.2773519 -0.1961794

$b1
             [,1]          [,2]     [,3]       [,4]      [,5]        [,6]       [,7]
[1,] -0.006978386 -0.0002682367 3.072846 -0.1335119 0.2423114 -0.06592948 -0.9787857
             [,8]        [,9]       [,10]      [,11]       [,12]        [,13]      [,14]
[1,] 0.0003407046 -0.09073113 0.003714645 0.01806669 -0.06082569 -0.002028726 -0.1068388
          [,15]    [,16]       [,17]      [,18]      [,19]       [,20]      [,21]     [,22]
[1,] -0.1003134 2.979388 0.001670338 -0.0908074 -0.5135363 -0.04995346 -0.1457466 -1.088977
           [,23]       [,24]      [,25]    [,26]       [,27]      [,28]      [,29]
[1,] -0.05778075 -0.03122834 -0.8623027 1.392313 -0.00281687 -0.7863391 0.06978588
           [,30]      [,31]      [,32]      [,33]      [,34]       [,35]      [,36]
[1,] 0.007965997 0.01350692 0.08429304 -0.9928515 -0.5339637 -0.06449576 0.04836335
            [,37]     [,38]     [,39]     [,40]     [,41]    [,42]    [,43]       [,44]
[1,] 0.0002118491 0.8566213 -1.210747 0.5314767 -2.466784 0.172431 5.373822 -0.05070922
          [,45]      [,46]     [,47]     [,48]     [,49]    [,50]
[1,] 0.01455625 0.01113065 0.1257246 -1.015288 -1.671411 1.194983

$W2
             [,1]
 [1,] -0.13313621
 [2,]  0.03809662
 [3,] -1.93056698
 [4,]  0.76701488
 [5,] -0.70227551
 [6,]  0.52966879
 [7,] -1.19005060
 [8,]  0.26975241
 [9,]  0.79037326
[10,]  0.25064755
[11,] -0.34528208
[12,]  0.50159347
[13,] -0.17031747
[14,]  0.59622831
[15,]  0.76898938
[16,]  2.86097289
[17,]  0.35139447
[18,]  0.74467040
[19,] -3.62779220
[20,] -3.36781876
[21,]  0.69029322
[22,]  1.46778872
[23,]  0.39990130
[24,]  0.40048268
[25,]  4.91968260
[26,]  1.37723096
[27,]  0.25769285
[28,]  1.15610287
[29,] -0.40707779
[30,]  0.13093066
[31,]  0.35048093
[32,] -0.35148589
[33,] -1.20769573
[34,] -3.41309915
[35,]  0.57304692
[36,] -0.30652874
[37,]  0.29964233
[38,] -1.24503934
[39,]  1.45539758
[40,] -0.77720443
[41,]  1.81931555
[42,]  2.31459100
[43,] -3.56891081
[44,]  0.54883080
[45,] -0.33651044
[46,] -0.21667783
[47,] -0.58767969
[48,]  4.76003804
[49,]  1.62342626
[50,] -1.14355997

$b2
          [,1]
[1,] 0.4547631