$D
[1] 9

$H
[1] 50

$K
[1] 1

$W1
              [,1]         [,2]        [,3]        [,4]        [,5]        [,6]        [,7]
 [1,] -0.058182968  0.056012301 -0.84854541  0.53405237 -0.45305377  0.37915808 -0.40921614
 [2,]  0.009836956 -0.009204609 -0.16903150 -0.09675759  0.06047694 -0.06707464  1.02551268
 [3,]  0.017397326 -0.016567953 -0.22540190 -0.16098873  0.11203266 -0.11496382  1.05667810
 [4,]  0.015523185 -0.014636764  0.13396006 -0.13692613  0.09244643 -0.09939880  0.02913986
 [5,] -0.008008918  0.008027824 -0.26943198  0.07778459 -0.08783959  0.05364195  0.11368303
 [6,] -0.003958748  0.004126808 -0.15503967  0.04299234 -0.06001041  0.02786526  0.05458648
 [7,]  0.017151046 -0.016393924 -0.05379339 -0.15666839  0.10832846 -0.11251793  0.18004665
 [8,] -0.005568910  0.005893764 -0.45648276  0.05235080 -0.06652642  0.03678525  0.29605702
 [9,] -0.003644893  0.003776559 -0.25244950  0.03531691 -0.05153201  0.02382698  0.37311630
             [,8]        [,9]       [,10]       [,11]       [,12]        [,13]       [,14]
 [1,]  0.20856523  0.54635230  0.19608031 -0.19801663  0.36083875 -0.082783148  0.42395761
 [2,] -0.03595386 -0.10287470 -0.03370142  0.03405988 -0.06356016  0.013996899 -0.07414336
 [3,] -0.06342466 -0.17004654 -0.05956665  0.05978439 -0.10932217  0.024772916 -0.12626077
 [4,] -0.05543330 -0.14426466 -0.05209871  0.05262733 -0.09469559  0.022037543 -0.10897453
 [5,]  0.02914906  0.07617722  0.02741747 -0.02751594  0.05100231 -0.011450629  0.06151713
 [6,]  0.01447946  0.03966657  0.01361906 -0.01373930  0.02639265 -0.005683717  0.03341318
 [7,] -0.06229639 -0.16547792 -0.05852956  0.05879092 -0.10706112  0.024420872 -0.12349090
 [8,]  0.02039386  0.04942790  0.01923009 -0.01912717  0.03509653 -0.008009540  0.04259737
 [9,]  0.01276675  0.03150028  0.01204270 -0.01227468  0.02269045 -0.005210200  0.02866112
            [,15]      [,16]       [,17]       [,18]      [,19]      [,20]       [,21]
 [1,]  0.53335570  0.7671742  0.26135072  0.51745817 -2.0859379 -1.8035962  0.48649078
 [2,] -0.09917654 -0.4137710 -0.04599588 -0.09605303 -0.5952897  1.3091444 -0.08454061
 [3,] -0.16449248 -0.9397450 -0.08047950 -0.15982733  1.3669943 -0.5264961 -0.14279371
 [4,] -0.13983216 -0.9895454 -0.06986210 -0.13604554  1.7443353  1.7482822 -0.12219394
 [5,]  0.07516697 -0.2295480  0.03624707  0.07267014  0.7385045 -1.3521918  0.07297333
 [6,]  0.03972084 -0.2409743  0.01779737  0.03808308 -1.1671486  0.7365762  0.04151025
 [7,] -0.16013466 -1.1309621 -0.07883870 -0.15566425  1.6679552  1.8267044 -0.13920819
 [8,]  0.04939866 -0.1080352  0.02491235  0.04781633  0.7576782 -1.0646026  0.05068286
 [9,]  0.03200096 -0.1536037  0.01533987  0.03077398 -1.1011368  0.3664524  0.03517340
           [,22]       [,23]       [,24]     [,25]       [,26]       [,27]      [,28]
 [1,]  1.0000188  0.29495014  0.29434294  1.616882  0.28856597  0.20079884  0.8688661
 [2,] -0.1702756 -0.05067616 -0.05145913 -1.465107 -1.65505836 -0.03446150 -0.1277743
 [3,] -0.2391852 -0.08829345 -0.08956652 -1.356535  0.54834023 -0.06086363 -0.1969413
 [4,] -0.2000800 -0.07711917 -0.07788523 -1.076051 -0.13566499 -0.05327120 -0.1534950
 [5,]  0.2668054  0.04192001  0.04125179 -1.172482 -0.14683610  0.02812278  0.2442081
 [6,]  0.2410845  0.02174707  0.02082510  2.633320  0.55906829  0.01402691  0.2161898
 [7,] -0.2325059 -0.08674001 -0.08782461 -1.750535 -0.09610747 -0.05982135 -0.1911046
 [8,]  0.2108099  0.02942529  0.02853768  3.127359 -0.07791900  0.01975158  0.1895583
 [9,]  0.1901314  0.01919124  0.01808709 -0.870879  0.15792211  0.01242723  0.1662602
            [,29]        [,30]       [,31]       [,32]      [,33]      [,34]       [,35]
 [1,] -0.23951736  0.117650240  0.26029059 -0.20289259 -0.4445533 -1.6937708  0.40690310
 [2,]  0.04046282 -0.019736928 -0.04607526  0.03363737  0.2415664  1.7953627 -0.07295080
 [3,]  0.07076316 -0.035219449 -0.08066248  0.05918653  0.1232940  1.7069073 -0.12429950
 [4,]  0.06251465 -0.031031507 -0.06985853  0.05264371  1.2459792 -0.5602217 -0.10703699
 [5,] -0.03398247  0.016620646  0.03594067 -0.02898684  0.1784051  0.4354792  0.05727977
 [6,] -0.01771327  0.008375035  0.01744483 -0.01527253  0.0510632  0.6697677  0.02960204
 [7,]  0.06972676 -0.034739990 -0.07894380  0.05846273 -0.7487464  0.9769255 -0.12148938
 [8,] -0.02399718  0.011915519  0.02455609 -0.02073474 -0.3677483 -0.9443320  0.03883108
 [9,] -0.01602770  0.007578742  0.01491058 -0.01406024 -0.5744794 -1.0356403  0.02494654
            [,36]       [,37]      [,38]      [,39]       [,40]       [,41]      [,42]
 [1,] -0.17294899  0.22798862 -0.8599486  0.9855728 -0.61263856  0.95068011  1.6396835
 [2,]  0.02908935 -0.03958116  0.1245587 -0.1624871  0.05355728 -0.01671292 -1.6306708
 [3,]  0.05126392 -0.06962863  0.1914197 -0.2276204  0.11428326 -0.02252720 -1.5186947
 [4,]  0.04547013 -0.06070774  0.1516942 -0.1948231  0.07552594 -0.12233759 -1.3369373
 [5,] -0.02432452  0.03178011 -0.2421819  0.2640467 -0.18826533  0.24315505  1.3582786
 [6,] -0.01244149  0.01573054 -0.2149084  0.2398004 -0.15896686  0.21522631  1.3763411
 [7,]  0.05056814 -0.06832660  0.1859593 -0.2220648  0.11040311 -0.06646827  0.8118483
 [8,] -0.01719583  0.02209836 -0.1902417  0.2135025 -0.14671918  0.31822942 -0.7044450
 [9,] -0.01136739  0.01376486 -0.1671498  0.1915997 -0.12213483  0.22582217 -0.8000901
           [,43]       [,44]       [,45]        [,46]       [,47]     [,48]      [,49]
 [1,] -3.4083449  0.39069603 -0.19223825 -0.113431805 -0.35942525  1.553205  1.0058864
 [2,] -1.1113665 -0.07019136  0.03306967  0.019173992  0.06066135 -1.076211 -0.1524918
 [3,] -1.2499872 -0.11995507  0.05808336  0.033921946  0.10440410 -1.481753 -0.2049095
 [4,] -1.1610245 -0.10332139  0.05113577  0.030117289  0.09136096 -1.157080 -0.1966176
 [5,]  0.3067010  0.05465555 -0.02669388 -0.015763810 -0.05274113  2.617763  0.2640798
 [6,]  0.4234532  0.02785029 -0.01329701 -0.007870962 -0.02914556 -1.079658  0.2450368
 [7,] -1.1988857 -0.11724722  0.05711873  0.033438986  0.10254185 -1.404172 -0.2046546
 [8,]  0.3167254  0.03696056 -0.01854905 -0.011056584 -0.03732643 -1.151079  0.2344633
 [9,]  0.4669975  0.02343256 -0.01188229 -0.007190282 -0.02592253  2.992925  0.2066651
            [,50]
 [1,] -0.79423605
 [2,]  0.09398947
 [3,]  0.14867888
 [4,]  0.13084597
 [5,] -0.22981060
 [6,] -0.20646565
 [7,]  0.14711397
 [8,] -0.19551689
 [9,] -0.16918513

$b1
            [,1]        [,2]    [,3]        [,4]      [,5]       [,6]      [,7]       [,8]
[1,] -0.01099445 0.002511269 2.89156 -0.09227151 0.2277308 -0.0478166 -1.409877 0.00702669
           [,9]      [,10]       [,11]       [,12]        [,13]       [,14]       [,15]
[1,] -0.0638199 0.01018702 0.009442117 -0.04404193 -0.007154496 -0.07697847 -0.06969424
        [,16]       [,17]       [,18]     [,19]      [,20]     [,21]      [,22]       [,23]
[1,] 1.952528 0.006434898 -0.06410838 -0.301649 -0.0836914 -0.105212 -0.8464529 -0.04186261
          [,24]    [,25]   [,26]       [,27]      [,28]      [,29]      [,30]      [,31]
[1,] -0.0208532 -1.20079 2.03349 0.004356279 -0.7751917 0.05204548 0.01351429 0.01607692
          [,32]     [,33]      [,34]       [,35]      [,36]       [,37]     [,38]
[1,] 0.06621864 -1.487768 -0.3166745 -0.04694058 0.03632088 0.006478073 0.7933213
          [,39]     [,40]     [,41]       [,42]    [,43]       [,44]       [,45]
[1,] -0.8845705 0.6350649 -1.921349 -0.00859012 7.164446 -0.03720135 0.006423425
           [,46]      [,47]    [,48]     [,49]     [,50]
[1,] 0.004361391 0.09083823 -1.24469 -1.068549 0.9279167

$W2
             [,1]
 [1,] -0.05821398
 [2,]  0.07262187
 [3,] -0.94558129
 [4,]  0.62231735
 [5,] -0.49811595
 [6,]  0.44431338
 [7,] -1.27574455
 [8,]  0.24832870
 [9,]  0.63988153
[10,]  0.23394097
[11,] -0.21881216
[12,]  0.42317127
[13,] -0.08640834
[14,]  0.49442685
[15,]  0.62385351
[16,]  1.72797319
[17,]  0.30968474
[18,]  0.60560430
[19,] -3.87949917
[20,] -3.86770373
[21,]  0.56502707
[22,]  1.20914519
[23,]  0.34666487
[24,]  0.34695950
[25,]  5.08789177
[26,]  1.52641418
[27,]  0.23926029
[28,]  1.04204504
[29,] -0.26536505
[30,]  0.14346564
[31,]  0.30881203
[32,] -0.22290166
[33,] -1.38188666
[34,] -3.55003846
[35,]  0.47686170
[36,] -0.18931668
[37,]  0.27085484
[38,] -1.01314713
[39,]  1.18855006
[40,] -0.69716313
[41,]  1.05123411
[42,]  3.56209461
[43,] -3.77586054
[44,]  0.45857410
[45,] -0.21221496
[46,] -0.12148488
[47,] -0.40154347
[48,]  4.85096662
[49,]  1.20034467
[50,] -0.92424835

$b2
          [,1]
[1,] 0.6524846