$D
[1] 9

$H
[1] 10

$K
[1] 1

$W1
             [,1]         [,2]       [,3]       [,4]      [,5]       [,6]       [,7]
 [1,]  0.89400654  0.437759279 -2.1032908  2.2458383 -2.050726  3.5215154 -2.1365972
 [2,] -0.83726997 -0.131138690  1.8518544 -1.4557647  1.085944  1.1287955  1.3029900
 [3,]  0.99886777  0.005908765  1.8389767  0.4512044  1.565848  1.0164162  1.3668433
 [4,] -0.23480071 -1.487151591 -0.6445821 -1.7519063  1.150032  0.9140984  1.1712764
 [5,] -0.05598233 -0.248839403  0.4576193  1.3612327 -2.424153 -0.1428440  1.2486137
 [6,]  0.39885009 -0.359358557  0.6176385 -0.7205998  1.030983 -0.1612674 -2.6461659
 [7,] -0.35308269  0.526477463  1.4603627 -1.7444148  1.645398  1.2141063  1.6580865
 [8,] -0.09456720  0.367118368 -1.3114019  1.2436771  1.093879 -0.4560322 -2.8587994
 [9,]  0.37428799  0.405575660 -1.2414401 -0.5087725 -3.002000 -0.2628961  0.9604711
            [,8]       [,9]        [,10]
 [1,]  2.1506092  2.0450473  1.309921724
 [2,] -1.9640292  0.3975294 -0.766274665
 [3,] -1.9482255 -1.1948997 -1.143885690
 [4,] -1.7528797 -2.0127711  0.002959797
 [5,]  1.6176638 -0.3981327 -0.190578363
 [6,]  1.6510452  1.2367219 -0.218714579
 [7,]  0.4438634 -1.8368232 -0.169072513
 [8,] -0.2940645 -0.3954272 -0.719576228
 [9,] -0.3658859  1.0380838 -0.603223844

$b1
          [,1]     [,2]       [,3]         [,4]     [,5]      [,6]     [,7]       [,8]
[1,] 0.4892089 2.098244 0.06906685 -0.007501695 1.297603 -7.280677 1.320959 -0.4303463
          [,9]    [,10]
[1,] 0.1680541 1.205377

$W2
           [,1]
 [1,]  1.416307
 [2,]  1.330533
 [3,] -3.956456
 [4,]  4.198447
 [5,] -5.257238
 [6,]  4.470617
 [7,] -5.216425
 [8,]  4.380973
 [9,]  3.893540
[10,]  1.540525

$b2
          [,1]
[1,] 0.6856367