The training of naive states | alpha = 0.5 | gamma = 0.5
1, 0, 0
2, 0, 0
3, 0, 0
4, 0, 0
5, 0, 0
6, 0, 0
7, 0, 0
8, 0, 0
9, 0, 0
10, 0, 0
11, 0, 0
12, 0, 0
13, 0, 0
14, 0, 0
15, 0, 0
16, 0, 0
17, 0, 0
18, 0, 0
19, 0, 0
20, 0, 0
21, 0, 0
22, 0, 0
23, 0, 0
24, 0, 0
25, 0, 0
26, 0, 0
27, 0, 0
28, 0, 0
29, 0, 0
30, 0, 0
31, 0, 0
32, 0, 0
33, 0, 0
34, 0, 0
35, 0, 0
36, 0, 0
37, 0, 0
38, 0, 0
39, 0, 0
40, 0, 0
41, 0, 0
42, 0, 0
43, 0, 0
44, 0, 0
45, 0, 0
46, 0, 0
47, 0, 0
48, 0, 0
49, 0, 0
50, 0, 0
51, 0, 0
52, 0, 0
53, 0, 0
54, 0, 0
55, 0, 0
56, 0, 0
57, 0, 0
58, 0, 0
59, 0, 0
60, 0, 0
61, 0, 0
62, 0, 0
63, 0, 0
64, 0, 0
65, 0, 0
66, 0, 0
67, 0, 0
68, 0, 0
69, 0, 0
70, 0, 0
71, 0, 0
72, 0, 0
73, 0, 0
74, 0, 0
75, 0, 0
76, 0, 0
77, 0, 0
78, 0, 0
79, 0, 0
80, 0, 0
81, 0, 0
82, 0, 0
83, 0, 0
84, 0, 0
85, 0, 0
86, 0, 0
87, 0, 0
88, 0, 0
89, 0, 0
90, 0, 0
91, 0, 0
92, 0, 0
93, 0, 0
94, 0, 0
95, 0, 0
96, 0, 0
97, 0, 0
98, 0, 0
99, 0, 0
100, 0, 0
101, 0, 0
102, 0, 0
103, 0, 0
104, 0, 0
105, 0, 0
106, 0, 0
107, 0, 0
108, 0, 0
109, 0, 0
110, 0, 0
111, 0, 0
112, 0, 0
113, 0, 0
114, 0, 0
115, 0, 0
116, 0, 0
117, 0, 0
118, 0, 0
119, 0, 0
120, 0, 0
121, 0, 0
122, 0, 0
123, 0, 0
124, 0, 0
125, 0, 0
126, 0, 0
127, 0, 0
128, 0, 0
129, 0, 0
130, 0, 0
131, 0, 0
132, 0, 0
133, 0, 0
134, 0, 0
135, 0, 0
136, 0, 0
137, 0, 0
138, 0, 0
139, 1, 1
140, 0, 1
141, 0, 1
142, 0, 1
143, 0, 1
144, 0, 1
145, 0, 1
146, 0, 1
147, 0, 1
148, 0, 1
149, 0, 1
150, 0, 1
151, 0, 1
152, 0, 1
153, 0, 1
154, 0, 1
155, 0, 1
156, 0, 1
157, 0, 1
158, 0, 1
159, 0, 1
160, 0, 1
161, 0, 1
162, 0, 1
163, 0, 1
164, 0, 1
165, 1, 1
166, 0, 1
167, 0, 1
168, 0, 1
169, 0, 1
170, 0, 1
171, 0, 1
172, 0, 1
173, 0, 1
174, 0, 1
175, 0, 1
176, 0, 1
177, 0, 1
178, 0, 1
179, 1, 1
180, 0, 1
181, 1, 1
182, 0, 1
183, 0, 1
184, 0, 1
185, 0, 1
186, 0, 1
187, 0, 1
188, 0, 1
189, 0, 1
190, 0, 1
191, 0, 1
192, 0, 1
193, 0, 1
194, 0, 1
195, 0, 1
196, 0, 1
197, 0, 1
198, 0, 1
199, 0, 1
200, 0, 1
201, 0, 1
202, 0, 1
203, 0, 1
204, 0, 1
205, 0, 1
206, 0, 1
207, 0, 1
208, 0, 1
209, 0, 1
210, 0, 1
211, 0, 1
212, 0, 1
213, 0, 1
214, 0, 1
215, 0, 1
216, 0, 1
217, 0, 1
218, 0, 1
219, 0, 1
220, 1, 1
221, 0, 1
222, 0, 1
223, 0, 1
224, 0, 1
225, 0, 1
226, 0, 1
227, 0, 1
228, 0, 1
229, 0, 1
230, 0, 1
231, 0, 1
232, 0, 1
233, 1, 1
234, 0, 1
235, 0, 1
236, 0, 1
237, 0, 1
238, 0, 1
239, 0, 1
240, 0, 1
241, 1, 1
242, 0, 1
243, 1, 1
244, 0, 1
245, 0, 1
246, 1, 1
247, 1, 1
248, 0, 1
249, 0, 1
250, 0, 1
251, 0, 1
252, 0, 1
253, 0, 1
254, 0, 1
255, 0, 1
256, 0, 1
257, 0, 1
258, 0, 1
259, 0, 1
260, 0, 1
261, 2, 2
262, 0, 2
263, 1, 2
264, 0, 2
265, 0, 2
266, 0, 2
267, 0, 2
268, 0, 2
269, 2, 2
270, 0, 2
271, 0, 2
272, 0, 2
273, 0, 2
274, 0, 2
275, 0, 2
276, 3, 3
277, 0, 3
278, 1, 3
279, 0, 3
280, 0, 3
281, 0, 3
282, 1, 3
283, 1, 3
284, 0, 3
285, 0, 3
286, 0, 3
287, 0, 3
288, 3, 3
289, 1, 3
290, 0, 3
291, 0, 3
292, 1, 3
293, 0, 3
294, 0, 3
295, 0, 3
296, 0, 3
297, 0, 3
298, 0, 3
299, 0, 3
300, 0, 3
301, 0, 3
302, 1, 3
303, 0, 3
304, 0, 3
305, 0, 3
306, 0, 3
307, 1, 3
308, 0, 3
309, 3, 3
310, 0, 3
311, 0, 3
312, 1, 3
313, 0, 3
314, 0, 3
315, 0, 3
316, 0, 3
317, 0, 3
318, 0, 3
319, 0, 3
320, 0, 3
321, 0, 3
322, 0, 3
323, 0, 3
324, 0, 3
325, 0, 3
326, 4, 4
327, 0, 4
328, 0, 4
329, 0, 4
330, 0, 4
331, 0, 4
332, 0, 4
333, 0, 4
334, 1, 4
335, 0, 4
336, 0, 4
337, 0, 4
338, 1, 4
339, 0, 4
340, 0, 4
341, 0, 4
342, 0, 4
343, 0, 4
344, 0, 4
345, 1, 4
346, 0, 4
347, 0, 4
348, 0, 4
349, 1, 4
350, 0, 4
351, 0, 4
352, 0, 4
353, 3, 4
354, 0, 4
355, 0, 4
356, 0, 4
357, 2, 4
358, 0, 4
359, 0, 4
360, 0, 4
361, 4, 4
362, 0, 4
363, 0, 4
364, 0, 4
365, 0, 4
366, 0, 4
367, 2, 4
368, 4, 4
369, 0, 4
370, 0, 4
371, 0, 4
372, 0, 4
373, 0, 4
374, 1, 4
375, 0, 4
376, 0, 4
377, 0, 4
378, 0, 4
379, 0, 4
380, 0, 4
381, 0, 4
382, 3, 4
383, 0, 4
384, 6, 6
385, 0, 6
386, 0, 6
387, 0, 6
388, 0, 6
389, 0, 6
390, 1, 6
391, 1, 6
392, 0, 6
393, 0, 6
394, 0, 6
395, 0, 6
396, 0, 6
397, 0, 6
398, 0, 6
399, 0, 6
400, 0, 6
401, 0, 6
402, 0, 6
403, 0, 6
404, 0, 6
405, 0, 6
406, 0, 6
407, 1, 6
408, 0, 6
409, 0, 6
410, 0, 6
411, 0, 6
412, 0, 6
413, 3, 6
414, 0, 6
415, 0, 6
416, 0, 6
417, 1, 6
418, 2, 6
419, 0, 6
420, 0, 6
421, 0, 6
422, 3, 6
423, 0, 6
424, 2, 6
425, 0, 6
426, 0, 6
427, 3, 6
428, 0, 6
429, 2, 6
430, 0, 6
431, 3, 6
432, 0, 6
433, 0, 6
434, 0, 6
435, 0, 6
436, 0, 6
437, 0, 6
438, 0, 6
439, 3, 6
440, 0, 6
441, 0, 6
442, 0, 6
443, 0, 6
444, 3, 6
445, 3, 6
446, 0, 6
447, 0, 6
448, 1, 6
449, 0, 6
450, 0, 6
451, 2, 6
452, 9, 9
453, 1, 9
454, 3, 9
455, 7, 9
456, 3, 9
457, 2, 9
458, 0, 9
459, 0, 9
460, 0, 9
461, 7, 9
462, 0, 9
463, 0, 9
464, 3, 9
465, 1, 9
466, 0, 9
467, 0, 9
468, 0, 9
469, 4, 9
470, 0, 9
471, 0, 9
472, 0, 9
473, 0, 9
474, 0, 9
475, 3, 9
476, 5, 9
477, 13, 13
478, 0, 13
479, 0, 13
480, 0, 13
481, 0, 13
482, 0, 13
483, 0, 13
484, 0, 13
485, 0, 13
486, 0, 13
487, 0, 13
488, 0, 13
489, 3, 13
490, 0, 13
491, 0, 13
492, 4, 13
493, 0, 13
494, 0, 13
495, 0, 13
496, 3, 13
497, 0, 13
498, 0, 13
499, 0, 13
500, 0, 13
501, 1, 13
502, 5, 13
503, 0, 13
504, 0, 13
505, 0, 13
506, 7, 13
507, 0, 13
508, 0, 13
509, 0, 13
510, 0, 13
511, 1, 13
512, 0, 13
513, 0, 13
514, 0, 13
515, 0, 13
516, 2, 13
517, 0, 13
518, 0, 13
519, 1, 13
520, 1, 13
521, 3, 13
522, 0, 13
523, 4, 13
524, 7, 13
525, 0, 13
526, 0, 13
527, 0, 13
528, 0, 13
529, 0, 13
530, 0, 13
531, 0, 13
532, 0, 13
533, 1, 13
534, 0, 13
535, 1, 13
536, 3, 13
537, 0, 13
538, 0, 13
539, 0, 13
540, 3, 13
541, 0, 13
542, 0, 13
543, 0, 13
544, 0, 13
545, 0, 13
546, 0, 13
547, 0, 13
548, 0, 13
549, 0, 13
550, 0, 13
551, 0, 13
552, 0, 13
553, 0, 13
554, 5, 13
555, 0, 13
556, 0, 13
557, 0, 13
558, 5, 13
559, 1, 13
560, 6, 13
561, 3, 13
562, 5, 13
563, 10, 13
564, 0, 13
565, 0, 13
566, 7, 13
567, 28, 28
568, 0, 28
569, 0, 28
570, 10, 28
571, 0, 28
572, 6, 28
573, 3, 28
574, 3, 28
575, 12, 28
576, 5, 28
577, 5, 28
578, 3, 28
579, 13, 28
580, 26, 28
581, 0, 28
582, 4, 28
583, 0, 28
584, 0, 28
585, 2, 28
586, 1, 28
587, 0, 28
588, 0, 28
589, 0, 28
590, 8, 28
591, 8, 28
592, 0, 28
593, 0, 28
594, 1, 28
595, 0, 28
596, 1, 28
597, 0, 28
598, 15, 28
599, 0, 28
600, 17, 28
601, 2, 28
602, 0, 28
603, 0, 28
604, 5, 28
605, 6, 28
606, 21, 28
607, 0, 28
608, 10, 28
609, 0, 28
610, 23, 28
611, 0, 28
612, 9, 28
613, 0, 28
614, 0, 28
615, 0, 28
616, 4, 28
617, 0, 28
618, 5, 28
619, 0, 28
620, 8, 28
621, 0, 28
622, 0, 28
623, 14, 28
624, 8, 28
625, 0, 28
626, 0, 28
627, 0, 28
628, 0, 28
629, 0, 28
630, 0, 28
631, 1, 28
632, 0, 28
633, 5, 28
634, 0, 28
635, 5, 28
636, 6, 28
637, 16, 28
638, 21, 28
639, 0, 28
640, 11, 28
641, 0, 28
642, 3, 28
643, 0, 28
644, 0, 28
645, 0, 28
646, 8, 28
647, 0, 28
648, 0, 28
649, 1, 28
650, 0, 28
651, 8, 28
652, 0, 28
653, 3, 28
654, 0, 28
655, 23, 28
656, 0, 28
657, 0, 28
658, 0, 28
659, 0, 28
660, 9, 28
661, 7, 28
662, 0, 28
663, 0, 28
664, 1, 28
665, 0, 28
666, 0, 28
667, 0, 28
668, 0, 28
669, 5, 28
670, 0, 28
671, 0, 28
672, 0, 28
673, 0, 28
674, 0, 28
675, 0, 28
676, 0, 28
677, 0, 28
678, 0, 28
679, 5, 28
680, 9, 28
681, 6, 28
682, 33, 33
683, 0, 33
684, 0, 33
685, 0, 33
686, 0, 33
687, 0, 33
688, 3, 33
689, 7, 33
690, 7, 33
691, 12, 33
692, 0, 33
693, 1, 33
694, 21, 33
695, 17, 33
696, 0, 33
697, 0, 33
698, 0, 33
699, 0, 33
700, 32, 33
701, 4, 33
702, 0, 33
703, 1, 33
704, 0, 33
705, 3, 33
706, 16, 33
707, 0, 33
708, 0, 33
709, 2, 33
710, 0, 33
711, 0, 33
712, 0, 33
713, 0, 33
714, 16, 33
715, 0, 33
716, 0, 33
717, 0, 33
718, 0, 33
719, 35, 35
720, 0, 35
721, 0, 35
722, 0, 35
723, 0, 35
724, 0, 35
725, 3, 35
726, 12, 35
727, 2, 35
728, 0, 35
729, 0, 35
730, 17, 35
731, 0, 35
732, 23, 35
733, 0, 35
734, 1, 35
735, 0, 35
736, 0, 35
737, 0, 35
738, 0, 35
739, 2, 35
740, 0, 35
741, 5, 35
742, 0, 35
743, 0, 35
744, 44, 44
745, 0, 44
746, 6, 44
747, 0, 44
748, 2, 44
749, 6, 44
750, 4, 44
751, 0, 44
752, 11, 44
753, 17, 44
754, 5, 44
755, 0, 44
756, 0, 44
757, 7, 44
758, 0, 44
759, 8, 44
760, 28, 44
761, 0, 44
762, 0, 44
763, 0, 44
764, 0, 44
765, 15, 44
766, 17, 44
767, 0, 44
768, 0, 44
769, 0, 44
770, 2, 44
771, 8, 44
772, 0, 44
773, 0, 44
774, 8, 44
775, 0, 44
776, 0, 44
777, 3, 44
778, 0, 44
779, 0, 44
780, 0, 44
781, 0, 44
782, 0, 44
783, 33, 44
784, 1, 44
785, 0, 44
786, 0, 44
787, 11, 44
788, 27, 44
789, 0, 44
790, 68, 68
791, 0, 68
792, 0, 68
793, 9, 68
794, 0, 68
795, 19, 68
796, 5, 68
797, 0, 68
798, 19, 68
799, 31, 68
800, 25, 68
801, 49, 68
802, 0, 68
803, 12, 68
804, 1, 68
805, 25, 68
806, 0, 68
807, 0, 68
808, 2, 68
809, 21, 68
810, 0, 68
811, 6, 68
812, 0, 68
813, 0, 68
814, 3, 68
815, 0, 68
816, 0, 68
817, 5, 68
818, 9, 68
819, 0, 68
820, 0, 68
821, 0, 68
822, 0, 68
823, 18, 68
824, 0, 68
825, 3, 68
826, 0, 68
827, 13, 68
828, 9, 68
829, 0, 68
830, 0, 68
831, 36, 68
832, 0, 68
833, 0, 68
834, 0, 68
835, 0, 68
836, 0, 68
837, 3, 68
838, 8, 68
839, 0, 68
840, 0, 68
841, 0, 68
842, 31, 68
843, 0, 68
844, 63, 68
845, 0, 68
846, 0, 68
847, 0, 68
848, 0, 68
849, 0, 68
850, 17, 68
851, 9, 68
852, 0, 68
853, 0, 68
854, 0, 68
855, 8, 68
856, 37, 68
857, 59, 68
858, 65, 68
859, 33, 68
860, 6, 68
861, 117, 117
862, 0, 117
863, 8, 117
864, 5, 117
865, 3, 117
866, 6, 117
867, 8, 117
868, 22, 117
869, 7, 117
870, 0, 117
871, 0, 117
872, 0, 117
873, 0, 117
874, 1, 117
875, 63, 117
876, 0, 117
877, 10, 117
878, 21, 117
879, 0, 117
880, 10, 117
881, 8, 117
882, 22, 117
883, 25, 117
884, 56, 117
885, 79, 117
886, 6, 117
887, 30, 117
888, 0, 117
889, 23, 117
890, 35, 117
891, 0, 117
892, 0, 117
893, 0, 117
894, 3, 117
895, 0, 117
896, 5, 117
897, 0, 117
898, 15, 117
899, 11, 117
900, 23, 117
901, 14, 117
902, 1, 117
903, 0, 117
904, 15, 117
905, 13, 117
906, 1, 117
907, 0, 117
908, 9, 117
909, 0, 117
910, 23, 117
911, 16, 117
912, 12, 117
913, 0, 117
914, 0, 117
915, 43, 117
916, 2, 117
917, 23, 117
918, 28, 117
919, 27, 117
920, 32, 117
921, 0, 117
922, 6, 117
923, 0, 117
924, 0, 117
925, 47, 117
926, 6, 117
927, 0, 117
928, 17, 117
929, 10, 117
930, 0, 117
931, 30, 117
932, 0, 117
933, 21, 117
934, 9, 117
935, 0, 117
936, 3, 117
937, 35, 117
938, 19, 117
939, 18, 117
940, 21, 117
941, 0, 117
942, 30, 117
943, 0, 117
944, 11, 117
945, 19, 117
946, 11, 117
947, 0, 117
948, 0, 117
949, 0, 117
950, 16, 117
951, 0, 117
952, 0, 117
953, 3, 117
954, 4, 117
955, 3, 117
956, 21, 117
957, 13, 117
958, 9, 117
959, 48, 117
960, 2, 117
961, 53, 117
962, 4, 117
963, 5, 117
964, 33, 117
965, 5, 117
966, 33, 117
967, 6, 117
968, 7, 117
969, 0, 117
970, 22, 117
971, 2, 117
972, 0, 117
973, 0, 117
974, 14, 117
975, 5, 117
976, 0, 117
977, 8, 117
978, 14, 117
979, 3, 117
980, 3, 117
981, 0, 117
982, 10, 117
983, 12, 117
984, 17, 117
985, 0, 117
986, 6, 117
987, 6, 117
988, 3, 117
989, 7, 117
990, 16, 117
991, 0, 117
992, 4, 117
993, 0, 117
994, 26, 117
995, 1, 117
996, 12, 117
997, 0, 117
998, 5, 117
999, 0, 117
1000, 19, 117
1001, 7, 117
1002, 6, 117
1003, 17, 117
1004, 0, 117
1005, 31, 117
1006, 11, 117
1007, 9, 117
1008, 0, 117
1009, 0, 117
1010, 19, 117
1011, 0, 117
1012, 2, 117
1013, 4, 117
1014, 33, 117
1015, 4, 117
1016, 4, 117
1017, 22, 117
1018, 4, 117
1019, 7, 117
1020, 0, 117
1021, 11, 117
1022, 17, 117
1023, 6, 117
1024, 10, 117
1025, 15, 117
1026, 6, 117
1027, 24, 117
1028, 15, 117
1029, 0, 117
1030, 4, 117
1031, 0, 117
1032, 7, 117
1033, 9, 117
1034, 10, 117
1035, 0, 117
1036, 13, 117
1037, 0, 117
1038, 26, 117
1039, 3, 117
1040, 27, 117
1041, 2, 117
1042, 0, 117
1043, 0, 117
1044, 15, 117
1045, 4, 117
1046, 4, 117
1047, 3, 117
1048, 12, 117
1049, 0, 117
1050, 2, 117
1051, 6, 117
1052, 0, 117
1053, 12, 117
1054, 0, 117
1055, 10, 117
1056, 7, 117
1057, 0, 117
1058, 9, 117
1059, 2, 117
1060, 0, 117
1061, 3, 117
1062, 0, 117
1063, 33, 117
1064, 41, 117
1065, 1, 117
1066, 0, 117
1067, 1, 117
1068, 13, 117
1069, 13, 117
1070, 7, 117
1071, 0, 117
1072, 3, 117
1073, 0, 117
1074, 1, 117
1075, 0, 117
1076, 1, 117
1077, 0, 117
1078, 5, 117
1079, 9, 117
1080, 35, 117
1081, 10, 117
1082, 2, 117
1083, 26, 117
1084, 0, 117
1085, 1, 117
1086, 19, 117
1087, 35, 117
1088, 2, 117
1089, 15, 117
1090, 2, 117
1091, 15, 117
1092, 0, 117
1093, 11, 117
1094, 6, 117
1095, 5, 117
1096, 3, 117
1097, 6, 117
1098, 9, 117
1099, 5, 117
1100, 2, 117
1101, 0, 117
1102, 14, 117
1103, 3, 117
1104, 5, 117
1105, 1, 117
1106, 22, 117
1107, 0, 117
1108, 0, 117
1109, 3, 117
1110, 4, 117
1111, 7, 117
1112, 12, 117
1113, 3, 117
1114, 0, 117
1115, 3, 117
1116, 7, 117
1117, 8, 117
1118, 12, 117
1119, 45, 117
1120, 1, 117
1121, 18, 117
1122, 8, 117
1123, 16, 117
1124, 1, 117
1125, 0, 117
1126, 7, 117
1127, 27, 117
1128, 12, 117
1129, 18, 117
1130, 15, 117
1131, 17, 117
1132, 7, 117
1133, 9, 117
1134, 0, 117
1135, 0, 117
1136, 4, 117
1137, 0, 117
1138, 30, 117
1139, 50, 117
1140, 84, 117
1141, 0, 117
1142, 0, 117
1143, 0, 117
1144, 10, 117
1145, 0, 117
1146, 0, 117
1147, 13, 117
1148, 2, 117
1149, 9, 117
1150, 33, 117
1151, 0, 117
1152, 60, 117
1153, 31, 117
1154, 13, 117
1155, 8, 117
1156, 73, 117
1157, 0, 117
1158, 0, 117
1159, 14, 117
1160, 27, 117
1161, 7, 117
1162, 15, 117
1163, 7, 117
1164, 11, 117
1165, 5, 117
1166, 91, 117
1167, 11, 117
1168, 11, 117
1169, 148, 148
1170, 7, 148
1171, 17, 148
1172, 1, 148
1173, 0, 148
1174, 0, 148
1175, 24, 148
1176, 91, 148
1177, 6, 148
1178, 3, 148
1179, 0, 148
1180, 11, 148
1181, 35, 148
1182, 0, 148
1183, 0, 148
1184, 0, 148
1185, 27, 148
1186, 25, 148
1187, 0, 148
1188, 0, 148
1189, 72, 148
1190, 0, 148
1191, 3, 148
1192, 6, 148
1193, 74, 148
1194, 30, 148
1195, 48, 148
1196, 12, 148
1197, 61, 148
1198, 0, 148
1199, 14, 148
1200, 99, 148
1201, 9, 148
1202, 75, 148
1203, 7, 148
1204, 14, 148
1205, 7, 148
1206, 0, 148
1207, 1, 148
1208, 26, 148
1209, 44, 148
1210, 60, 148
1211, 40, 148
1212, 60, 148
1213, 25, 148
1214, 0, 148
1215, 0, 148
1216, 85, 148
1217, 9, 148
1218, 52, 148
1219, 192, 192
1220, 0, 192
1221, 22, 192
1222, 30, 192
1223, 55, 192
1224, 17, 192
1225, 7, 192
1226, 11, 192
1227, 15, 192
1228, 33, 192
1229, 0, 192
1230, 1, 192
1231, 20, 192
1232, 10, 192
1233, 0, 192
1234, 0, 192
1235, 3, 192
1236, 5, 192
1237, 30, 192
1238, 0, 192
1239, 1, 192
1240, 17, 192
1241, 9, 192
1242, 12, 192
1243, 0, 192
1244, 20, 192
1245, 0, 192
1246, 14, 192
1247, 1, 192
1248, 0, 192
1249, 0, 192
1250, 11, 192
1251, 12, 192
1252, 11, 192
1253, 9, 192
1254, 19, 192
1255, 0, 192
1256, 12, 192
1257, 0, 192
1258, 8, 192
1259, 29, 192
1260, 0, 192
1261, 2, 192
1262, 9, 192
1263, 0, 192
1264, 1, 192
1265, 0, 192
1266, 0, 192
1267, 0, 192
1268, 0, 192
1269, 5, 192
1270, 19, 192
1271, 88, 192
1272, 39, 192
1273, 1, 192
1274, 19, 192
1275, 12, 192
1276, 0, 192
1277, 47, 192
1278, 47, 192
1279, 5, 192
1280, 10, 192
1281, 9, 192
1282, 37, 192
1283, 43, 192
1284, 13, 192
1285, 26, 192
1286, 11, 192
1287, 9, 192
1288, 12, 192
1289, 7, 192
1290, 0, 192
1291, 5, 192
1292, 27, 192
1293, 9, 192
1294, 9, 192
1295, 40, 192
1296, 0, 192
1297, 0, 192
1298, 25, 192
1299, 2, 192
1300, 0, 192
1301, 36, 192
1302, 14, 192
1303, 20, 192
1304, 10, 192
1305, 8, 192
1306, 3, 192
1307, 0, 192
1308, 22, 192
1309, 8, 192
1310, 17, 192
1311, 0, 192
1312, 22, 192
1313, 5, 192
1314, 21, 192
1315, 55, 192
1316, 0, 192
1317, 15, 192
1318, 10, 192
1319, 0, 192
1320, 12, 192
1321, 0, 192
1322, 38, 192
1323, 13, 192
1324, 3, 192
1325, 2, 192
1326, 19, 192
1327, 0, 192
1328, 6, 192
1329, 6, 192
1330, 0, 192
1331, 10, 192
1332, 4, 192
1333, 18, 192
1334, 0, 192
1335, 40, 192
1336, 0, 192
1337, 19, 192
1338, 7, 192
1339, 15, 192
1340, 8, 192
1341, 0, 192
1342, 5, 192
1343, 0, 192
1344, 0, 192
1345, 9, 192
1346, 3, 192
1347, 2, 192
1348, 23, 192
1349, 13, 192
1350, 4, 192
1351, 6, 192
1352, 1, 192
1353, 0, 192
1354, 14, 192
1355, 0, 192
1356, 0, 192
1357, 0, 192
1358, 11, 192
1359, 11, 192
1360, 59, 192
1361, 35, 192
1362, 15, 192
1363, 0, 192
1364, 17, 192
1365, 29, 192
1366, 0, 192
1367, 10, 192
1368, 21, 192
1369, 13, 192
1370, 6, 192
1371, 0, 192
1372, 0, 192
1373, 0, 192
1374, 21, 192
1375, 16, 192
1376, 80, 192
1377, 0, 192
1378, 43, 192
1379, 19, 192
1380, 30, 192
1381, 9, 192
1382, 0, 192
1383, 68, 192
1384, 1, 192
1385, 0, 192
1386, 4, 192
1387, 43, 192
1388, 0, 192
1389, 11, 192
1390, 8, 192
1391, 19, 192
1392, 0, 192
1393, 33, 192
1394, 56, 192
1395, 0, 192
1396, 0, 192
1397, 20, 192
1398, 0, 192
1399, 0, 192
1400, 0, 192
1401, 0, 192
1402, 13, 192
1403, 0, 192
1404, 11, 192
1405, 3, 192
1406, 0, 192
1407, 4, 192
1408, 32, 192
1409, 9, 192
1410, 21, 192
1411, 60, 192
1412, 15, 192
1413, 10, 192
1414, 0, 192
1415, 34, 192
1416, 21, 192
1417, 5, 192
1418, 33, 192
1419, 3, 192
1420, 0, 192
1421, 6, 192
1422, 1, 192
1423, 0, 192
1424, 0, 192
1425, 19, 192
1426, 0, 192
1427, 18, 192
1428, 0, 192
1429, 20, 192
1430, 15, 192
1431, 0, 192
1432, 47, 192
1433, 24, 192
1434, 39, 192
1435, 0, 192
1436, 101, 192
1437, 0, 192
1438, 0, 192
1439, 62, 192
1440, 1, 192
1441, 21, 192
1442, 7, 192
1443, 52, 192
1444, 10, 192
1445, 0, 192
1446, 25, 192
1447, 30, 192
1448, 0, 192
1449, 33, 192
1450, 0, 192
1451, 0, 192
1452, 6, 192
1453, 14, 192
1454, 32, 192
1455, 37, 192
1456, 0, 192
1457, 39, 192
1458, 0, 192
1459, 0, 192
1460, 10, 192
1461, 0, 192
1462, 0, 192
1463, 58, 192
1464, 82, 192
1465, 0, 192
1466, 0, 192
1467, 117, 192
1468, 6, 192
1469, 0, 192
1470, 11, 192
1471, 11, 192
1472, 28, 192
1473, 8, 192
1474, 1, 192
1475, 6, 192
1476, 23, 192
1477, 78, 192
1478, 46, 192
1479, 0, 192
1480, 22, 192
1481, 18, 192
1482, 45, 192
1483, 0, 192
1484, 36, 192
1485, 0, 192
1486, 30, 192
1487, 26, 192
1488, 57, 192
1489, 2, 192
1490, 41, 192
1491, 21, 192
1492, 9, 192
1493, 38, 192
1494, 0, 192
1495, 0, 192
1496, 43, 192
1497, 0, 192
1498, 27, 192
1499, 88, 192
1500, 14, 192
1501, 8, 192
1502, 0, 192
1503, 33, 192
1504, 0, 192
1505, 0, 192
1506, 0, 192
1507, 7, 192
1508, 22, 192
1509, 22, 192
1510, 7, 192
1511, 0, 192
1512, 0, 192
1513, 12, 192
1514, 17, 192
1515, 23, 192
1516, 85, 192
1517, 2, 192
1518, 4, 192
1519, 0, 192
1520, 31, 192
1521, 14, 192
1522, 10, 192
1523, 0, 192
1524, 16, 192
1525, 66, 192
1526, 8, 192
1527, 13, 192
1528, 33, 192
1529, 15, 192
1530, 7, 192
1531, 21, 192
1532, 1, 192
1533, 0, 192
1534, 8, 192
1535, 26, 192
1536, 0, 192
1537, 0, 192
1538, 0, 192
1539, 0, 192
1540, 0, 192
1541, 0, 192
1542, 17, 192
1543, 3, 192
1544, 0, 192
1545, 3, 192
1546, 7, 192
1547, 5, 192
1548, 13, 192
1549, 0, 192
1550, 19, 192
1551, 2, 192
1552, 2, 192
1553, 0, 192
1554, 31, 192
1555, 15, 192
1556, 8, 192
1557, 9, 192
1558, 0, 192
1559, 1, 192
1560, 13, 192
1561, 0, 192
1562, 0, 192
1563, 7, 192
1564, 16, 192
1565, 0, 192
1566, 7, 192
1567, 11, 192
1568, 0, 192
1569, 13, 192
1570, 6, 192
1571, 3, 192
1572, 0, 192
1573, 9, 192
1574, 13, 192
1575, 21, 192
1576, 17, 192
1577, 7, 192
1578, 0, 192
1579, 0, 192
1580, 0, 192
1581, 0, 192
1582, 3, 192
1583, 5, 192
1584, 15, 192
1585, 2, 192
1586, 7, 192
1587, 2, 192
1588, 36, 192
1589, 10, 192
1590, 9, 192
1591, 23, 192
1592, 8, 192
1593, 0, 192
1594, 9, 192
1595, 17, 192
1596, 5, 192
1597, 2, 192
1598, 45, 192
1599, 28, 192
1600, 2, 192
1601, 2, 192
1602, 37, 192
1603, 23, 192
1604, 0, 192
1605, 29, 192
1606, 16, 192
1607, 0, 192
1608, 0, 192
1609, 44, 192
1610, 33, 192
1611, 35, 192
1612, 38, 192
1613, 17, 192
1614, 107, 192
1615, 9, 192
1616, 0, 192
1617, 28, 192
1618, 22, 192
1619, 41, 192
1620, 14, 192
1621, 67, 192
1622, 25, 192
1623, 0, 192
1624, 0, 192
1625, 61, 192
1626, 0, 192
1627, 17, 192
1628, 45, 192
1629, 5, 192
1630, 74, 192
1631, 50, 192
1632, 7, 192
1633, 0, 192
1634, 50, 192
1635, 0, 192
1636, 8, 192
1637, 5, 192
1638, 14, 192
1639, 0, 192
1640, 13, 192
1641, 33, 192
1642, 9, 192
1643, 27, 192
1644, 4, 192
1645, 16, 192
1646, 0, 192
1647, 8, 192
1648, 11, 192
1649, 0, 192
1650, 32, 192
1651, 0, 192
1652, 0, 192
1653, 21, 192
1654, 42, 192
1655, 0, 192
1656, 0, 192
1657, 6, 192
1658, 18, 192
1659, 3, 192
1660, 0, 192
1661, 4, 192
1662, 45, 192
1663, 5, 192
1664, 33, 192
1665, 60, 192
1666, 63, 192
1667, 59, 192
1668, 75, 192
1669, 33, 192
1670, 24, 192
1671, 4, 192
1672, 4, 192
1673, 13, 192
1674, 3, 192
1675, 77, 192
1676, 126, 192
1677, 0, 192
1678, 6, 192
1679, 0, 192
1680, 2, 192
1681, 20, 192
1682, 17, 192
1683, 73, 192
1684, 7, 192
1685, 31, 192
1686, 0, 192
1687, 16, 192
1688, 4, 192
1689, 0, 192
1690, 7, 192
1691, 10, 192
1692, 0, 192
1693, 13, 192
1694, 65, 192
1695, 0, 192
1696, 99, 192
1697, 25, 192
1698, 33, 192
1699, 19, 192
1700, 101, 192
1701, 5, 192
1702, 0, 192
1703, 1, 192
1704, 0, 192
1705, 21, 192
1706, 37, 192
1707, 0, 192
1708, 6, 192
1709, 30, 192
1710, 0, 192
1711, 26, 192
1712, 53, 192
1713, 17, 192
1714, 23, 192
1715, 4, 192
1716, 0, 192
1717, 0, 192
1718, 4, 192
1719, 0, 192
1720, 10, 192
1721, 95, 192
1722, 44, 192
1723, 11, 192
1724, 0, 192
1725, 8, 192
1726, 0, 192
1727, 7, 192
1728, 11, 192
1729, 0, 192
1730, 2, 192
1731, 3, 192
1732, 14, 192
1733, 53, 192
1734, 5, 192
1735, 11, 192
1736, 55, 192
1737, 49, 192
1738, 3, 192
1739, 21, 192
1740, 9, 192
1741, 86, 192
1742, 0, 192
1743, 7, 192
1744, 18, 192
1745, 21, 192
1746, 0, 192
1747, 6, 192
1748, 40, 192
1749, 23, 192
1750, 2, 192
1751, 0, 192
1752, 29, 192
1753, 21, 192
1754, 0, 192
1755, 10, 192
1756, 7, 192
1757, 21, 192
1758, 22, 192
1759, 17, 192
1760, 5, 192
1761, 24, 192
1762, 0, 192
1763, 20, 192
1764, 94, 192
1765, 19, 192
1766, 10, 192
1767, 6, 192
1768, 14, 192
1769, 15, 192
1770, 0, 192
1771, 0, 192
1772, 22, 192
1773, 11, 192
1774, 24, 192
1775, 60, 192
1776, 13, 192
1777, 10, 192
1778, 28, 192
1779, 0, 192
1780, 16, 192
1781, 10, 192
1782, 0, 192
1783, 0, 192
1784, 119, 192
1785, 75, 192
1786, 11, 192
1787, 90, 192
1788, 57, 192
1789, 7, 192
1790, 0, 192
1791, 11, 192
1792, 40, 192
1793, 13, 192
1794, 0, 192
1795, 82, 192
1796, 1, 192
1797, 0, 192
1798, 4, 192
1799, 61, 192
1800, 12, 192
1801, 31, 192
1802, 0, 192
1803, 20, 192
1804, 91, 192
1805, 54, 192
1806, 38, 192
1807, 11, 192
1808, 37, 192
1809, 0, 192
1810, 12, 192
1811, 38, 192
1812, 29, 192
1813, 16, 192
1814, 52, 192
1815, 0, 192
1816, 91, 192
1817, 23, 192
1818, 39, 192
1819, 53, 192
1820, 11, 192
1821, 19, 192
1822, 0, 192
1823, 64, 192
1824, 33, 192
1825, 7, 192
1826, 0, 192
1827, 9, 192
1828, 50, 192
1829, 0, 192
1830, 39, 192
1831, 18, 192
1832, 24, 192
1833, 0, 192
1834, 11, 192
1835, 0, 192
1836, 5, 192
1837, 30, 192
1838, 6, 192
1839, 24, 192
1840, 10, 192
1841, 19, 192
1842, 39, 192
1843, 13, 192
1844, 41, 192
1845, 0, 192
1846, 13, 192
1847, 43, 192
1848, 6, 192
1849, 6, 192
1850, 8, 192
1851, 0, 192
1852, 99, 192
1853, 28, 192
1854, 0, 192
1855, 39, 192
1856, 10, 192
1857, 33, 192
1858, 53, 192
1859, 36, 192
1860, 12, 192
1861, 31, 192
1862, 4, 192
1863, 27, 192
1864, 7, 192
1865, 29, 192
1866, 0, 192
1867, 0, 192
1868, 30, 192
1869, 12, 192
1870, 0, 192
1871, 19, 192
1872, 16, 192
1873, 10, 192
1874, 2, 192
1875, 19, 192
1876, 0, 192
1877, 0, 192
1878, 10, 192
1879, 25, 192
1880, 3, 192
1881, 9, 192
1882, 0, 192
1883, 18, 192
1884, 49, 192
1885, 56, 192
1886, 9, 192
1887, 18, 192
1888, 27, 192
1889, 7, 192
1890, 28, 192
1891, 49, 192
1892, 51, 192
1893, 93, 192
1894, 7, 192
1895, 7, 192
1896, 123, 192
1897, 100, 192
1898, 5, 192
1899, 47, 192
1900, 0, 192
1901, 0, 192
1902, 0, 192
1903, 6, 192
1904, 0, 192
1905, 78, 192
1906, 38, 192
1907, 9, 192
1908, 0, 192
1909, 7, 192
1910, 24, 192
1911, 0, 192
1912, 26, 192
1913, 7, 192
1914, 10, 192
1915, 40, 192
1916, 0, 192
1917, 0, 192
1918, 21, 192
1919, 4, 192
1920, 23, 192
1921, 0, 192
1922, 51, 192
1923, 11, 192
1924, 0, 192
1925, 93, 192
1926, 11, 192
1927, 64, 192
1928, 32, 192
1929, 53, 192
1930, 11, 192
1931, 1, 192
1932, 0, 192
1933, 8, 192
1934, 56, 192
1935, 62, 192
1936, 0, 192
1937, 11, 192
1938, 35, 192
1939, 10, 192
1940, 57, 192
1941, 34, 192
1942, 19, 192
1943, 0, 192
1944, 12, 192
1945, 0, 192
1946, 17, 192
1947, 0, 192
1948, 4, 192
1949, 33, 192
1950, 20, 192
1951, 0, 192
1952, 0, 192
1953, 29, 192
1954, 0, 192
1955, 2, 192
1956, 89, 192
1957, 30, 192
1958, 24, 192
1959, 0, 192
1960, 9, 192
1961, 32, 192
1962, 0, 192
1963, 5, 192
1964, 3, 192
1965, 15, 192
1966, 4, 192
1967, 0, 192
1968, 57, 192
1969, 13, 192
1970, 13, 192
1971, 19, 192
1972, 9, 192
1973, 7, 192
1974, 4, 192
1975, 0, 192
1976, 0, 192
1977, 0, 192
1978, 65, 192
1979, 0, 192
1980, 0, 192
1981, 2, 192
1982, 0, 192
1983, 70, 192
1984, 31, 192
1985, 17, 192
1986, 4, 192
1987, 30, 192
1988, 2, 192
1989, 21, 192
1990, 6, 192
1991, 0, 192
1992, 25, 192
1993, 4, 192
1994, 2, 192
1995, 7, 192
1996, 36, 192
1997, 0, 192
1998, 8, 192
1999, 4, 192
2000, 5, 192
2001, 30, 192
2002, 5, 192
2003, 3, 192
2004, 0, 192
2005, 3, 192
2006, 15, 192
2007, 13, 192
2008, 14, 192
2009, 1, 192
2010, 2, 192
2011, 7, 192
2012, 0, 192
2013, 100, 192
2014, 17, 192
2015, 4, 192
2016, 0, 192
2017, 31, 192
2018, 9, 192
2019, 2, 192
2020, 0, 192
2021, 0, 192
2022, 0, 192
2023, 27, 192
2024, 2, 192
2025, 0, 192
2026, 33, 192
2027, 20, 192
2028, 17, 192
2029, 9, 192
2030, 5, 192
2031, 27, 192
2032, 34, 192
2033, 42, 192
2034, 26, 192
2035, 115, 192
2036, 3, 192
2037, 0, 192
2038, 0, 192
2039, 14, 192
2040, 41, 192
2041, 2, 192
2042, 39, 192
2043, 0, 192
2044, 15, 192
2045, 5, 192
2046, 28, 192
2047, 0, 192
2048, 9, 192
2049, 3, 192
2050, 9, 192
2051, 5, 192
2052, 5, 192
2053, 0, 192
2054, 6, 192
2055, 81, 192
2056, 0, 192
2057, 47, 192
2058, 25, 192
2059, 0, 192
2060, 7, 192
2061, 0, 192
2062, 19, 192
2063, 14, 192
2064, 0, 192
2065, 9, 192
2066, 0, 192
2067, 12, 192
2068, 4, 192
2069, 17, 192
2070, 4, 192
2071, 16, 192
2072, 15, 192
2073, 16, 192
2074, 0, 192
2075, 12, 192
2076, 6, 192
2077, 8, 192
2078, 28, 192
2079, 22, 192
2080, 9, 192
2081, 16, 192
2082, 2, 192
2083, 11, 192
2084, 21, 192
2085, 78, 192
2086, 12, 192
2087, 25, 192
2088, 0, 192
2089, 63, 192
2090, 20, 192
2091, 26, 192
2092, 15, 192
2093, 13, 192
2094, 21, 192
2095, 37, 192
2096, 2, 192
2097, 18, 192
2098, 26, 192
2099, 31, 192
2100, 0, 192
2101, 35, 192
2102, 9, 192
2103, 0, 192
2104, 56, 192
2105, 3, 192
2106, 0, 192
2107, 0, 192
2108, 0, 192
2109, 19, 192
2110, 5, 192
2111, 23, 192
2112, 45, 192
2113, 16, 192
2114, 7, 192
2115, 13, 192
2116, 13, 192
2117, 117, 192
2118, 17, 192
2119, 7, 192
2120, 71, 192
2121, 21, 192
2122, 35, 192
2123, 13, 192
2124, 16, 192
2125, 20, 192
2126, 10, 192
2127, 17, 192
2128, 6, 192
2129, 9, 192
2130, 0, 192
2131, 77, 192
2132, 11, 192
2133, 47, 192
2134, 25, 192
2135, 15, 192
2136, 21, 192
2137, 72, 192
2138, 20, 192
2139, 3, 192
2140, 27, 192
2141, 89, 192
2142, 73, 192
2143, 14, 192
2144, 0, 192
2145, 4, 192
2146, 25, 192
2147, 55, 192
2148, 22, 192
2149, 24, 192
2150, 2, 192
2151, 31, 192
2152, 0, 192
2153, 35, 192
2154, 0, 192
2155, 30, 192
2156, 0, 192
2157, 24, 192
2158, 96, 192
2159, 0, 192
2160, 71, 192
2161, 30, 192
2162, 9, 192
2163, 13, 192
2164, 0, 192
2165, 0, 192
2166, 26, 192
2167, 53, 192
2168, 9, 192
2169, 69, 192
2170, 0, 192
2171, 0, 192
2172, 50, 192
2173, 15, 192
2174, 30, 192
2175, 5, 192
2176, 9, 192
2177, 4, 192
2178, 5, 192
2179, 11, 192
2180, 0, 192
2181, 0, 192
2182, 8, 192
2183, 10, 192
2184, 8, 192
2185, 0, 192
2186, 15, 192
2187, 25, 192
2188, 68, 192
2189, 15, 192
2190, 37, 192
2191, 44, 192
2192, 0, 192
2193, 2, 192
2194, 22, 192
2195, 2, 192
2196, 19, 192
2197, 1, 192
2198, 0, 192
2199, 2, 192
2200, 0, 192
2201, 34, 192
2202, 110, 192
2203, 0, 192
2204, 106, 192
2205, 5, 192
2206, 0, 192
2207, 21, 192
2208, 0, 192
2209, 32, 192
2210, 0, 192
2211, 2, 192
2212, 0, 192
2213, 33, 192
2214, 16, 192
2215, 0, 192
2216, 9, 192
2217, 8, 192
2218, 3, 192
2219, 17, 192
2220, 34, 192
2221, 6, 192
2222, 9, 192
2223, 8, 192
2224, 0, 192
2225, 0, 192
2226, 0, 192
2227, 4, 192
2228, 0, 192
2229, 26, 192
2230, 46, 192
2231, 0, 192
2232, 5, 192
2233, 0, 192
2234, 0, 192
2235, 11, 192
2236, 25, 192
2237, 8, 192
2238, 0, 192
2239, 0, 192
2240, 0, 192
2241, 20, 192
2242, 15, 192
2243, 49, 192
2244, 0, 192
2245, 26, 192
2246, 60, 192
2247, 6, 192
2248, 12, 192
2249, 29, 192
2250, 69, 192
2251, 62, 192
2252, 19, 192
2253, 1, 192
2254, 8, 192
2255, 20, 192
2256, 39, 192
2257, 7, 192
2258, 0, 192
2259, 0, 192
2260, 0, 192
2261, 0, 192
2262, 0, 192
2263, 0, 192
2264, 0, 192
2265, 35, 192
2266, 0, 192
2267, 0, 192
2268, 15, 192
2269, 0, 192
2270, 2, 192
2271, 27, 192
2272, 3, 192
2273, 3, 192
2274, 0, 192
2275, 0, 192
2276, 36, 192
2277, 2, 192
2278, 8, 192
2279, 1, 192
2280, 11, 192
2281, 20, 192
2282, 13, 192
2283, 14, 192
2284, 2, 192
2285, 1, 192
2286, 0, 192
2287, 0, 192
2288, 0, 192
2289, 2, 192
2290, 4, 192
2291, 51, 192
2292, 12, 192
2293, 13, 192
2294, 4, 192
2295, 5, 192
2296, 0, 192
2297, 6, 192
2298, 5, 192
2299, 0, 192
2300, 9, 192
2301, 0, 192
2302, 19, 192
2303, 27, 192
2304, 5, 192
2305, 10, 192
2306, 2, 192
2307, 24, 192
2308, 0, 192
2309, 21, 192
2310, 18, 192
2311, 1, 192
2312, 4, 192
2313, 32, 192
2314, 14, 192
2315, 5, 192
2316, 0, 192
2317, 0, 192
2318, 0, 192
2319, 5, 192
2320, 6, 192
2321, 0, 192
2322, 0, 192
2323, 13, 192
2324, 8, 192
2325, 32, 192
2326, 16, 192
2327, 0, 192
2328, 10, 192
2329, 0, 192
2330, 0, 192
2331, 0, 192
2332, 0, 192
2333, 2, 192
2334, 13, 192
2335, 17, 192
2336, 31, 192
2337, 5, 192
2338, 22, 192
2339, 3, 192
2340, 32, 192
2341, 2, 192
2342, 36, 192
2343, 15, 192
2344, 13, 192
2345, 58, 192
2346, 3, 192
2347, 50, 192
2348, 3, 192
2349, 10, 192
2350, 3, 192
2351, 26, 192
2352, 0, 192
2353, 3, 192
2354, 8, 192
2355, 9, 192
2356, 39, 192
2357, 9, 192
2358, 7, 192
2359, 14, 192
2360, 2, 192
2361, 0, 192
2362, 16, 192
2363, 12, 192
2364, 33, 192
2365, 0, 192
2366, 30, 192
2367, 0, 192
2368, 1, 192
2369, 53, 192
2370, 103, 192
2371, 1, 192
2372, 11, 192
2373, 0, 192
2374, 10, 192
2375, 15, 192
2376, 23, 192
2377, 35, 192
2378, 18, 192
2379, 0, 192
2380, 5, 192
2381, 0, 192
2382, 0, 192
2383, 18, 192
2384, 0, 192
2385, 1, 192
2386, 1, 192
2387, 15, 192
2388, 9, 192
2389, 16, 192
2390, 0, 192
2391, 8, 192
2392, 0, 192
2393, 0, 192
2394, 0, 192
2395, 31, 192
2396, 0, 192
2397, 3, 192
2398, 16, 192
2399, 0, 192
2400, 6, 192
2401, 8, 192
2402, 0, 192
2403, 2, 192
2404, 8, 192
2405, 4, 192
2406, 0, 192
2407, 57, 192
2408, 12, 192
2409, 19, 192
2410, 11, 192
2411, 56, 192
2412, 1, 192
2413, 35, 192
2414, 29, 192
2415, 11, 192
2416, 0, 192
2417, 19, 192
2418, 52, 192
2419, 18, 192
2420, 0, 192
2421, 0, 192
2422, 14, 192
2423, 0, 192
2424, 17, 192
2425, 46, 192
2426, 35, 192
2427, 3, 192
2428, 8, 192
2429, 0, 192
2430, 76, 192
2431, 32, 192
2432, 34, 192
2433, 0, 192
2434, 0, 192
2435, 24, 192
2436, 68, 192
2437, 7, 192
2438, 2, 192
2439, 43, 192
2440, 10, 192
2441, 3, 192
2442, 0, 192
2443, 12, 192
2444, 19, 192
2445, 0, 192
2446, 37, 192
2447, 38, 192
2448, 13, 192
2449, 0, 192
2450, 0, 192
2451, 17, 192
2452, 27, 192
2453, 13, 192
2454, 31, 192
2455, 11, 192
2456, 31, 192
2457, 17, 192
2458, 0, 192
2459, 0, 192
2460, 7, 192
2461, 30, 192
2462, 5, 192
2463, 0, 192
2464, 16, 192
2465, 67, 192
2466, 19, 192
2467, 12, 192
2468, 18, 192
2469, 1, 192
2470, 33, 192
2471, 3, 192
2472, 23, 192
2473, 31, 192
2474, 0, 192
2475, 0, 192
2476, 0, 192
2477, 4, 192
2478, 28, 192
2479, 3, 192
2480, 0, 192
2481, 0, 192
2482, 0, 192
2483, 17, 192
2484, 24, 192
2485, 19, 192
2486, 9, 192
2487, 15, 192
2488, 54, 192
2489, 0, 192
2490, 0, 192
2491, 0, 192
2492, 4, 192
2493, 25, 192
2494, 14, 192
2495, 0, 192
2496, 49, 192
2497, 2, 192
2498, 28, 192
2499, 23, 192
2500, 17, 192
2501, 0, 192
2502, 0, 192
2503, 6, 192
2504, 0, 192
2505, 12, 192
2506, 4, 192
2507, 24, 192
2508, 23, 192
2509, 25, 192
2510, 19, 192
2511, 0, 192
2512, 0, 192
2513, 5, 192
2514, 9, 192
2515, 13, 192
2516, 9, 192
2517, 76, 192
2518, 16, 192
2519, 15, 192
2520, 3, 192
2521, 56, 192
2522, 20, 192
2523, 43, 192
2524, 0, 192
2525, 7, 192
2526, 9, 192
2527, 0, 192
2528, 5, 192
2529, 65, 192
2530, 95, 192
2531, 11, 192
2532, 0, 192
2533, 0, 192
2534, 31, 192
2535, 11, 192
2536, 28, 192
2537, 62, 192
2538, 5, 192
2539, 39, 192
2540, 122, 192
2541, 0, 192
2542, 36, 192
2543, 34, 192
2544, 30, 192
2545, 84, 192
2546, 18, 192
2547, 33, 192
2548, 0, 192
2549, 93, 192
2550, 34, 192
2551, 32, 192
2552, 25, 192
2553, 0, 192
2554, 0, 192
2555, 41, 192
2556, 84, 192
2557, 20, 192
2558, 56, 192
2559, 68, 192
2560, 71, 192
2561, 10, 192
2562, 6, 192
2563, 52, 192
2564, 64, 192
2565, 10, 192
2566, 6, 192
2567, 11, 192
2568, 49, 192
2569, 10, 192
2570, 113, 192
2571, 33, 192
2572, 9, 192
2573, 4, 192
2574, 52, 192
2575, 27, 192
2576, 0, 192
2577, 46, 192
2578, 45, 192
2579, 22, 192
2580, 0, 192
2581, 38, 192
2582, 79, 192
2583, 0, 192
2584, 16, 192
2585, 0, 192
2586, 6, 192
2587, 0, 192
2588, 37, 192
2589, 34, 192
2590, 27, 192
2591, 0, 192
2592, 0, 192
2593, 24, 192
2594, 0, 192
2595, 0, 192
2596, 20, 192
2597, 10, 192
2598, 32, 192
2599, 0, 192
2600, 79, 192
2601, 5, 192
2602, 21, 192
2603, 119, 192
2604, 0, 192
2605, 0, 192
2606, 153, 192
2607, 0, 192
2608, 0, 192
2609, 13, 192
2610, 47, 192
2611, 57, 192
2612, 0, 192
2613, 33, 192
2614, 111, 192
2615, 146, 192
2616, 66, 192
2617, 50, 192
2618, 0, 192
2619, 37, 192
2620, 9, 192
2621, 23, 192
2622, 24, 192
2623, 51, 192
2624, 9, 192
2625, 31, 192
2626, 12, 192
2627, 23, 192
2628, 5, 192
2629, 25, 192
2630, 10, 192
2631, 0, 192
2632, 114, 192
2633, 25, 192
2634, 15, 192
2635, 22, 192
2636, 0, 192
2637, 38, 192
2638, 13, 192
2639, 24, 192
2640, 0, 192
2641, 32, 192
2642, 20, 192
2643, 13, 192
2644, 45, 192
2645, 32, 192
2646, 13, 192
2647, 0, 192
2648, 46, 192
2649, 7, 192
2650, 10, 192
2651, 0, 192
2652, 6, 192
2653, 2, 192
2654, 1, 192
2655, 31, 192
2656, 107, 192
2657, 103, 192
2658, 24, 192
2659, 8, 192
2660, 0, 192
2661, 0, 192
2662, 27, 192
2663, 0, 192
2664, 0, 192
2665, 8, 192
2666, 49, 192
2667, 0, 192
2668, 62, 192
2669, 158, 192
2670, 56, 192
2671, 32, 192
2672, 68, 192
2673, 0, 192
2674, 2, 192
2675, 32, 192
2676, 46, 192
2677, 4, 192
2678, 14, 192
2679, 33, 192
2680, 10, 192
2681, 0, 192
2682, 0, 192
2683, 1, 192
2684, 93, 192
2685, 255, 255
2686, 83, 255
2687, 20, 255
2688, 337, 337
2689, 44, 337
2690, 49, 337
2691, 68, 337
2692, 21, 337
2693, 87, 337
2694, 61, 337
2695, 31, 337
2696, 73, 337
2697, 48, 337
2698, 69, 337
2699, 0, 337
2700, 29, 337
2701, 65, 337
2702, 21, 337
2703, 87, 337
2704, 17, 337
2705, 0, 337
2706, 19, 337
2707, 41, 337
2708, 66, 337
2709, 120, 337
2710, 6, 337
2711, 104, 337
2712, 0, 337
2713, 0, 337
2714, 5, 337
2715, 0, 337
2716, 300, 337
2717, 20, 337
2718, 46, 337
2719, 8, 337
2720, 8, 337
2721, 0, 337
2722, 28, 337
2723, 76, 337
2724, 4, 337
2725, 47, 337
2726, 185, 337
2727, 29, 337
2728, 7, 337
2729, 11, 337
2730, 0, 337
2731, 0, 337
2732, 53, 337
2733, 0, 337
2734, 55, 337
2735, 102, 337
2736, 0, 337
2737, 19, 337
2738, 0, 337
2739, 18, 337
2740, 0, 337
2741, 57, 337
2742, 20, 337
2743, 61, 337
2744, 0, 337
2745, 21, 337
2746, 0, 337
2747, 32, 337
2748, 0, 337
2749, 15, 337
2750, 51, 337
2751, 43, 337
2752, 0, 337
2753, 13, 337
2754, 92, 337
2755, 59, 337
2756, 0, 337
2757, 10, 337
2758, 0, 337
2759, 96, 337
2760, 7, 337
2761, 23, 337
2762, 13, 337
2763, 11, 337
2764, 9, 337
2765, 4, 337
2766, 1, 337
2767, 8, 337
2768, 0, 337
2769, 0, 337
2770, 0, 337
2771, 12, 337
2772, 0, 337
2773, 0, 337
2774, 0, 337
2775, 22, 337
2776, 65, 337
2777, 35, 337
2778, 1, 337
2779, 15, 337
2780, 21, 337
2781, 83, 337
2782, 39, 337
2783, 4, 337
2784, 0, 337
2785, 0, 337
2786, 0, 337
2787, 15, 337
2788, 33, 337
2789, 25, 337
2790, 35, 337
2791, 63, 337
2792, 54, 337
2793, 0, 337
2794, 47, 337
2795, 47, 337
2796, 41, 337
2797, 6, 337
2798, 5, 337
2799, 0, 337
2800, 12, 337
2801, 0, 337
2802, 39, 337
2803, 7, 337
2804, 65, 337
2805, 0, 337
2806, 0, 337
2807, 9, 337
2808, 9, 337
2809, 0, 337
2810, 0, 337
2811, 90, 337
2812, 23, 337
2813, 0, 337
2814, 13, 337
2815, 25, 337
2816, 134, 337
2817, 0, 337
2818, 44, 337
2819, 10, 337
2820, 13, 337
2821, 33, 337
2822, 0, 337
2823, 29, 337
2824, 3, 337
2825, 43, 337
2826, 5, 337
2827, 20, 337
2828, 23, 337
2829, 0, 337
2830, 5, 337
2831, 16, 337
2832, 36, 337
2833, 0, 337
2834, 9, 337
2835, 0, 337
2836, 37, 337
2837, 9, 337
2838, 6, 337
2839, 0, 337
2840, 0, 337
2841, 6, 337
2842, 0, 337
2843, 28, 337
2844, 23, 337
2845, 62, 337
2846, 49, 337
2847, 2, 337
2848, 0, 337
2849, 0, 337
2850, 0, 337
2851, 51, 337
2852, 14, 337
2853, 18, 337
2854, 0, 337
2855, 0, 337
2856, 28, 337
2857, 14, 337
2858, 9, 337
2859, 8, 337
2860, 52, 337
2861, 36, 337
2862, 41, 337
2863, 50, 337
2864, 4, 337
2865, 84, 337
2866, 54, 337
2867, 44, 337
2868, 138, 337
2869, 0, 337
2870, 0, 337
2871, 17, 337
2872, 2, 337
2873, 24, 337
2874, 37, 337
2875, 263, 337
2876, 12, 337
2877, 29, 337
2878, 0, 337
2879, 86, 337
2880, 104, 337
2881, 47, 337
2882, 16, 337
2883, 120, 337
2884, 0, 337
2885, 20, 337
2886, 72, 337
2887, 0, 337
2888, 45, 337
2889, 111, 337
2890, 32, 337
2891, 0, 337
2892, 11, 337
2893, 45, 337
2894, 15, 337
2895, 46, 337
2896, 103, 337
2897, 0, 337
2898, 52, 337
2899, 40, 337
2900, 0, 337
2901, 10, 337
2902, 112, 337
2903, 0, 337
2904, 27, 337
2905, 31, 337
2906, 87, 337
2907, 0, 337
2908, 57, 337
2909, 87, 337
2910, 0, 337
2911, 0, 337
2912, 52, 337
2913, 0, 337
2914, 0, 337
2915, 35, 337
2916, 26, 337
2917, 0, 337
2918, 0, 337
2919, 16, 337
2920, 45, 337
2921, 39, 337
2922, 25, 337
2923, 96, 337
2924, 19, 337
2925, 62, 337
2926, 17, 337
2927, 53, 337
2928, 29, 337
2929, 12, 337
2930, 44, 337
2931, 17, 337
2932, 7, 337
2933, 8, 337
2934, 13, 337
2935, 116, 337
2936, 1, 337
2937, 13, 337
2938, 70, 337
2939, 73, 337
2940, 83, 337
2941, 9, 337
2942, 0, 337
2943, 5, 337
2944, 9, 337
2945, 0, 337
2946, 5, 337
2947, 13, 337
2948, 21, 337
2949, 49, 337
2950, 34, 337
2951, 29, 337
2952, 40, 337
2953, 0, 337
2954, 55, 337
2955, 3, 337
2956, 1, 337
2957, 1, 337
2958, 11, 337
2959, 31, 337
2960, 0, 337
2961, 0, 337
2962, 34, 337
2963, 1, 337
2964, 52, 337
2965, 6, 337
2966, 0, 337
2967, 0, 337
2968, 61, 337
2969, 8, 337
2970, 66, 337
2971, 55, 337
2972, 46, 337
2973, 55, 337
2974, 21, 337
2975, 4, 337
2976, 0, 337
2977, 121, 337
2978, 0, 337
2979, 0, 337
2980, 8, 337
2981, 27, 337
2982, 62, 337
2983, 24, 337
2984, 6, 337
2985, 0, 337
2986, 28, 337
2987, 6, 337
2988, 0, 337
2989, 76, 337
2990, 23, 337
2991, 0, 337
2992, 6, 337
2993, 19, 337
2994, 0, 337
2995, 45, 337
2996, 3, 337
2997, 0, 337
2998, 24, 337
2999, 7, 337
3000, 12, 337
3001, 18, 337
3002, 19, 337
3003, 3, 337
3004, 25, 337
3005, 0, 337
3006, 6, 337
3007, 4, 337
3008, 22, 337
3009, 16, 337
3010, 31, 337
3011, 11, 337
3012, 13, 337
3013, 42, 337
3014, 35, 337
3015, 16, 337
3016, 40, 337
3017, 19, 337
3018, 5, 337
3019, 2, 337
3020, 33, 337
3021, 0, 337
3022, 87, 337
3023, 0, 337
3024, 0, 337
3025, 24, 337
3026, 97, 337
3027, 41, 337
3028, 17, 337
3029, 19, 337
3030, 0, 337
3031, 97, 337
3032, 74, 337
3033, 24, 337
3034, 125, 337
3035, 49, 337
3036, 0, 337
3037, 0, 337
3038, 25, 337
3039, 34, 337
3040, 64, 337
3041, 1, 337
3042, 41, 337
3043, 105, 337
3044, 6, 337
3045, 13, 337
3046, 107, 337
3047, 133, 337
3048, 0, 337
3049, 20, 337
3050, 10, 337
3051, 2, 337
3052, 8, 337
3053, 15, 337
3054, 8, 337
3055, 0, 337
3056, 0, 337
3057, 9, 337
3058, 12, 337
3059, 42, 337
3060, 0, 337
3061, 3, 337
3062, 9, 337
3063, 0, 337
3064, 68, 337
3065, 39, 337
3066, 0, 337
3067, 0, 337
3068, 0, 337
3069, 26, 337
3070, 0, 337
3071, 11, 337
3072, 0, 337
3073, 7, 337
3074, 44, 337
3075, 4, 337
3076, 24, 337
3077, 3, 337
3078, 34, 337
3079, 0, 337
3080, 53, 337
3081, 0, 337
3082, 0, 337
3083, 0, 337
3084, 0, 337
3085, 43, 337
3086, 0, 337
3087, 26, 337
3088, 38, 337
3089, 11, 337
3090, 26, 337
3091, 3, 337
3092, 0, 337
3093, 0, 337
3094, 27, 337
3095, 18, 337
3096, 0, 337
3097, 60, 337
3098, 37, 337
3099, 55, 337
3100, 0, 337
3101, 0, 337
3102, 3, 337
3103, 35, 337
3104, 5, 337
3105, 117, 337
3106, 63, 337
3107, 0, 337
3108, 59, 337
3109, 95, 337
3110, 0, 337
3111, 43, 337
3112, 106, 337
3113, 37, 337
3114, 57, 337
3115, 0, 337
3116, 67, 337
3117, 0, 337
3118, 0, 337
3119, 39, 337
3120, 11, 337
3121, 103, 337
3122, 0, 337
3123, 19, 337
3124, 0, 337
3125, 0, 337
3126, 121, 337
3127, 84, 337
3128, 0, 337
3129, 0, 337
3130, 24, 337
3131, 1, 337
3132, 0, 337
3133, 33, 337
3134, 180, 337
3135, 26, 337
3136, 9, 337
3137, 0, 337
3138, 0, 337
3139, 49, 337
3140, 0, 337
3141, 0, 337
3142, 53, 337
3143, 91, 337
3144, 42, 337
3145, 129, 337
3146, 51, 337
3147, 183, 337
3148, 0, 337
3149, 0, 337
3150, 104, 337
3151, 0, 337
3152, 91, 337
3153, 5, 337
3154, 51, 337
3155, 16, 337
3156, 0, 337
3157, 0, 337
3158, 0, 337
3159, 59, 337
3160, 0, 337
3161, 1, 337
3162, 19, 337
3163, 65, 337
3164, 254, 337
3165, 4, 337
3166, 92, 337
3167, 0, 337
3168, 0, 337
3169, 0, 337
3170, 79, 337
3171, 6, 337
3172, 56, 337
3173, 58, 337
3174, 45, 337
3175, 11, 337
3176, 0, 337
3177, 36, 337
3178, 0, 337
3179, 17, 337
3180, 31, 337
3181, 0, 337
3182, 32, 337
3183, 14, 337
3184, 14, 337
3185, 12, 337
3186, 57, 337
3187, 53, 337
3188, 0, 337
3189, 5, 337
3190, 26, 337
3191, 0, 337
3192, 46, 337
3193, 53, 337
3194, 0, 337
3195, 109, 337
3196, 58, 337
3197, 14, 337
3198, 12, 337
3199, 45, 337
3200, 23, 337
3201, 49, 337
3202, 0, 337
3203, 0, 337
3204, 0, 337
3205, 6, 337
3206, 51, 337
3207, 80, 337
3208, 35, 337
3209, 0, 337
3210, 17, 337
3211, 0, 337
3212, 0, 337
3213, 93, 337
3214, 68, 337
3215, 262, 337
3216, 21, 337
3217, 109, 337
3218, 61, 337
3219, 0, 337
3220, 0, 337
3221, 0, 337
3222, 47, 337
3223, 158, 337
3224, 47, 337
3225, 0, 337
3226, 0, 337
3227, 13, 337
3228, 50, 337
3229, 19, 337
3230, 0, 337
3231, 0, 337
3232, 32, 337
3233, 0, 337
3234, 4, 337
3235, 8, 337
3236, 0, 337
3237, 30, 337
3238, 0, 337
3239, 0, 337
3240, 27, 337
3241, 0, 337
3242, 25, 337
3243, 0, 337
3244, 23, 337
3245, 0, 337
3246, 0, 337
3247, 60, 337
3248, 115, 337
3249, 25, 337
3250, 0, 337
3251, 0, 337
3252, 59, 337
3253, 53, 337
3254, 58, 337
3255, 0, 337
3256, 28, 337
3257, 31, 337
3258, 10, 337
3259, 10, 337
3260, 0, 337
3261, 0, 337
3262, 29, 337
3263, 30, 337
3264, 9, 337
3265, 3, 337
3266, 0, 337
3267, 9, 337
3268, 0, 337
3269, 0, 337
3270, 17, 337
3271, 0, 337
3272, 49, 337
3273, 81, 337
3274, 27, 337
3275, 1, 337
3276, 10, 337
3277, 7, 337
3278, 7, 337
3279, 2, 337
3280, 3, 337
3281, 3, 337
3282, 0, 337
3283, 4, 337
3284, 33, 337
3285, 21, 337
3286, 0, 337
3287, 0, 337
3288, 0, 337
3289, 23, 337
3290, 4, 337
3291, 18, 337
3292, 0, 337
3293, 14, 337
3294, 22, 337
3295, 0, 337
3296, 0, 337
3297, 0, 337
3298, 41, 337
3299, 0, 337
3300, 30, 337
3301, 0, 337
3302, 11, 337
3303, 4, 337
3304, 14, 337
3305, 0, 337
3306, 1, 337
3307, 27, 337
3308, 12, 337
3309, 18, 337
3310, 9, 337
3311, 33, 337
3312, 0, 337
3313, 0, 337
3314, 67, 337
3315, 29, 337
3316, 5, 337
3317, 19, 337
3318, 29, 337
3319, 92, 337
3320, 86, 337
3321, 17, 337
3322, 50, 337
3323, 13, 337
3324, 0, 337
3325, 0, 337
3326, 145, 337
3327, 0, 337
3328, 15, 337
3329, 99, 337
3330, 0, 337
3331, 57, 337
3332, 57, 337
3333, 18, 337
3334, 75, 337
3335, 176, 337
3336, 84, 337
3337, 23, 337
3338, 220, 337
3339, 185, 337
3340, 0, 337
3341, 0, 337
3342, 46, 337
3343, 62, 337
3344, 256, 337
3345, 122, 337
3346, 115, 337
3347, 0, 337
3348, 117, 337
3349, 135, 337
3350, 0, 337
3351, 0, 337
3352, 45, 337
3353, 0, 337
3354, 0, 337
3355, 25, 337
3356, 109, 337
3357, 0, 337
3358, 0, 337
3359, 119, 337
3360, 161, 337
3361, 55, 337
3362, 9, 337
3363, 17, 337
3364, 14, 337
3365, 34, 337
3366, 136, 337
3367, 39, 337
3368, 0, 337
3369, 0, 337
3370, 99, 337
3371, 2, 337
3372, 68, 337
3373, 9, 337
3374, 35, 337
3375, 0, 337
3376, 11, 337
3377, 15, 337
3378, 18, 337
3379, 33, 337
3380, 20, 337
3381, 8, 337
3382, 91, 337
3383, 0, 337
3384, 2, 337
3385, 38, 337
3386, 5, 337
3387, 0, 337
3388, 0, 337
3389, 12, 337
3390, 4, 337
3391, 49, 337
3392, 73, 337
3393, 3, 337
3394, 0, 337
3395, 12, 337
3396, 5, 337
3397, 0, 337
3398, 3, 337
3399, 10, 337
3400, 24, 337
3401, 0, 337
3402, 0, 337
3403, 3, 337
3404, 39, 337
3405, 34, 337
3406, 6, 337
3407, 9, 337
3408, 61, 337
3409, 0, 337
3410, 23, 337
3411, 23, 337
3412, 4, 337
3413, 14, 337
3414, 2, 337
3415, 4, 337
3416, 47, 337
3417, 0, 337
3418, 5, 337
3419, 0, 337
3420, 77, 337
3421, 0, 337
3422, 15, 337
3423, 13, 337
3424, 0, 337
3425, 0, 337
3426, 0, 337
3427, 41, 337
3428, 12, 337
3429, 7, 337
3430, 3, 337
3431, 20, 337
3432, 1, 337
3433, 8, 337
3434, 7, 337
3435, 14, 337
3436, 6, 337
3437, 3, 337
3438, 27, 337
3439, 10, 337
3440, 83, 337
3441, 0, 337
3442, 2, 337
3443, 0, 337
3444, 0, 337
3445, 19, 337
3446, 19, 337
3447, 0, 337
3448, 13, 337
3449, 0, 337
3450, 82, 337
3451, 0, 337
3452, 32, 337
3453, 25, 337
3454, 11, 337
3455, 14, 337
3456, 45, 337
3457, 0, 337
3458, 24, 337
3459, 0, 337
3460, 69, 337
3461, 15, 337
3462, 17, 337
3463, 3, 337
3464, 0, 337
3465, 7, 337
3466, 24, 337
3467, 0, 337
3468, 29, 337
3469, 97, 337
3470, 31, 337
3471, 145, 337
3472, 107, 337
3473, 15, 337
3474, 21, 337
3475, 0, 337
3476, 64, 337
3477, 0, 337
3478, 145, 337
3479, 49, 337
3480, 47, 337
3481, 77, 337
3482, 0, 337
3483, 3, 337
3484, 183, 337
3485, 15, 337
3486, 0, 337
3487, 5, 337
3488, 135, 337
3489, 15, 337
3490, 0, 337
3491, 0, 337
3492, 10, 337
3493, 20, 337
3494, 175, 337
3495, 0, 337
3496, 167, 337
3497, 12, 337
3498, 37, 337
3499, 15, 337
3500, 17, 337
3501, 18, 337
3502, 7, 337
3503, 55, 337
3504, 22, 337
3505, 0, 337
3506, 28, 337
3507, 58, 337
3508, 121, 337
3509, 1, 337
3510, 5, 337
3511, 7, 337
3512, 0, 337
3513, 15, 337
3514, 0, 337
3515, 0, 337
3516, 2, 337
3517, 10, 337
3518, 0, 337
3519, 53, 337
3520, 27, 337
3521, 79, 337
3522, 19, 337
3523, 16, 337
3524, 4, 337
3525, 13, 337
3526, 5, 337
3527, 9, 337
3528, 0, 337
3529, 71, 337
3530, 1, 337
3531, 13, 337
3532, 3, 337
3533, 11, 337
3534, 0, 337
3535, 49, 337
3536, 5, 337
3537, 0, 337
3538, 0, 337
3539, 0, 337
3540, 60, 337
3541, 89, 337
3542, 10, 337
3543, 18, 337
3544, 0, 337
3545, 0, 337
3546, 6, 337
3547, 12, 337
3548, 0, 337
3549, 7, 337
3550, 7, 337
3551, 15, 337
3552, 9, 337
3553, 17, 337
3554, 14, 337
3555, 11, 337
3556, 34, 337
3557, 0, 337
3558, 3, 337
3559, 3, 337
3560, 15, 337
3561, 0, 337
3562, 0, 337
3563, 0, 337
3564, 14, 337
3565, 1, 337
3566, 6, 337
3567, 2, 337
3568, 2, 337
3569, 15, 337
3570, 6, 337
3571, 16, 337
3572, 10, 337
3573, 11, 337
3574, 33, 337
3575, 25, 337
3576, 0, 337
3577, 5, 337
3578, 1, 337
3579, 0, 337
3580, 6, 337
3581, 1, 337
3582, 6, 337
3583, 0, 337
3584, 20, 337
3585, 12, 337
3586, 23, 337
3587, 7, 337
3588, 10, 337
3589, 2, 337
3590, 19, 337
3591, 7, 337
3592, 18, 337
3593, 3, 337
3594, 6, 337
3595, 0, 337
3596, 19, 337
3597, 12, 337
3598, 0, 337
3599, 0, 337
3600, 0, 337
3601, 0, 337
3602, 7, 337
3603, 2, 337
3604, 0, 337
3605, 0, 337
3606, 8, 337
3607, 10, 337
3608, 4, 337
3609, 10, 337
3610, 0, 337
3611, 23, 337
3612, 5, 337
3613, 2, 337
3614, 33, 337
3615, 13, 337
3616, 0, 337
3617, 1, 337
3618, 1, 337
3619, 0, 337
3620, 0, 337
3621, 2, 337
3622, 0, 337
3623, 11, 337
3624, 1, 337
3625, 18, 337
3626, 0, 337
3627, 7, 337
3628, 0, 337
3629, 0, 337
3630, 1, 337
3631, 0, 337
3632, 2, 337
3633, 6, 337
3634, 12, 337
3635, 13, 337
3636, 0, 337
3637, 10, 337
3638, 6, 337
3639, 0, 337
3640, 6, 337
3641, 14, 337
3642, 0, 337
3643, 16, 337
3644, 19, 337
3645, 14, 337
3646, 10, 337
3647, 58, 337
3648, 5, 337
3649, 22, 337
3650, 20, 337
3651, 8, 337
3652, 40, 337
3653, 2, 337
3654, 38, 337
3655, 10, 337
3656, 8, 337
3657, 9, 337
3658, 0, 337
3659, 4, 337
3660, 8, 337
3661, 18, 337
3662, 37, 337
3663, 0, 337
3664, 13, 337
3665, 13, 337
3666, 5, 337
3667, 11, 337
3668, 13, 337
3669, 41, 337
3670, 2, 337
3671, 6, 337
3672, 17, 337
3673, 0, 337
3674, 45, 337
3675, 21, 337
3676, 9, 337
3677, 0, 337
3678, 0, 337
3679, 17, 337
3680, 10, 337
3681, 8, 337
3682, 0, 337
3683, 0, 337
3684, 0, 337
3685, 21, 337
3686, 0, 337
3687, 9, 337
3688, 11, 337
3689, 15, 337
3690, 12, 337
3691, 6, 337
3692, 2, 337
3693, 12, 337
3694, 0, 337
3695, 10, 337
3696, 0, 337
3697, 33, 337
3698, 1, 337
3699, 0, 337
3700, 5, 337
3701, 0, 337
3702, 24, 337
3703, 21, 337
3704, 0, 337
3705, 23, 337
3706, 5, 337
3707, 33, 337
3708, 0, 337
3709, 2, 337
3710, 6, 337
3711, 3, 337
3712, 12, 337
3713, 4, 337
3714, 2, 337
3715, 11, 337
3716, 27, 337
3717, 7, 337
3718, 14, 337
3719, 0, 337
3720, 17, 337
3721, 21, 337
3722, 2, 337
3723, 0, 337
3724, 0, 337
3725, 5, 337
3726, 1, 337
3727, 0, 337
3728, 5, 337
3729, 19, 337
3730, 5, 337
3731, 23, 337
3732, 19, 337
3733, 2, 337
3734, 0, 337
3735, 6, 337
3736, 9, 337
3737, 9, 337
3738, 0, 337
3739, 27, 337
3740, 2, 337
3741, 17, 337
3742, 11, 337
3743, 0, 337
3744, 16, 337
3745, 13, 337
3746, 23, 337
3747, 7, 337
3748, 2, 337
3749, 16, 337
3750, 11, 337
3751, 4, 337
3752, 6, 337
3753, 5, 337
3754, 39, 337
3755, 37, 337
3756, 0, 337
3757, 34, 337
3758, 3, 337
3759, 7, 337
3760, 2, 337
3761, 102, 337
3762, 15, 337
3763, 9, 337
3764, 11, 337
3765, 27, 337
3766, 75, 337
3767, 0, 337
3768, 3, 337
3769, 0, 337
3770, 27, 337
3771, 11, 337
3772, 35, 337
3773, 0, 337
3774, 10, 337
3775, 7, 337
3776, 4, 337
3777, 0, 337
3778, 19, 337
3779, 0, 337
3780, 31, 337
3781, 0, 337
3782, 0, 337
3783, 7, 337
3784, 6, 337
3785, 10, 337
3786, 23, 337
3787, 22, 337
3788, 0, 337
3789, 22, 337
3790, 54, 337
3791, 33, 337
3792, 31, 337
3793, 63, 337
3794, 0, 337
3795, 0, 337
3796, 9, 337
3797, 0, 337
3798, 16, 337
3799, 22, 337
3800, 62, 337
3801, 9, 337
3802, 5, 337
3803, 10, 337
3804, 7, 337
3805, 41, 337
3806, 21, 337
3807, 45, 337
3808, 11, 337
3809, 19, 337
3810, 21, 337
3811, 49, 337
3812, 109, 337
3813, 153, 337
3814, 17, 337
3815, 16, 337
3816, 0, 337
3817, 0, 337
3818, 11, 337
3819, 0, 337
3820, 0, 337
3821, 53, 337
3822, 93, 337
3823, 69, 337
3824, 0, 337
3825, 63, 337
3826, 27, 337
3827, 0, 337
3828, 112, 337
3829, 1, 337
3830, 0, 337
3831, 111, 337
3832, 47, 337
3833, 25, 337
3834, 18, 337
3835, 0, 337
3836, 48, 337
3837, 37, 337
3838, 0, 337
3839, 0, 337
3840, 78, 337
3841, 92, 337
3842, 28, 337
3843, 85, 337
3844, 0, 337
3845, 12, 337
3846, 9, 337
3847, 45, 337
3848, 6, 337
3849, 6, 337
3850, 38, 337
3851, 0, 337
3852, 0, 337
3853, 0, 337
3854, 6, 337
3855, 10, 337
3856, 0, 337
3857, 26, 337
3858, 0, 337
3859, 0, 337
3860, 183, 337
3861, 6, 337
3862, 23, 337
3863, 0, 337
3864, 0, 337
3865, 5, 337
3866, 45, 337
3867, 2, 337
3868, 74, 337
3869, 40, 337
3870, 12, 337
3871, 64, 337
3872, 21, 337
3873, 0, 337
3874, 46, 337
3875, 0, 337
3876, 33, 337
3877, 90, 337
3878, 0, 337
3879, 478, 478
3880, 134, 478
3881, 37, 478
3882, 0, 478
3883, 0, 478
3884, 91, 478
3885, 19, 478
3886, 113, 478
3887, 25, 478
3888, 56, 478
3889, 0, 478
3890, 221, 478
3891, 0, 478
3892, 0, 478
3893, 103, 478
3894, 3, 478
3895, 43, 478
3896, 0, 478
3897, 43, 478
3898, 36, 478
3899, 61, 478
3900, 1, 478
3901, 125, 478
3902, 23, 478
3903, 253, 478
3904, 0, 478
3905, 129, 478
3906, 0, 478
3907, 0, 478
3908, 16, 478
3909, 0, 478
3910, 28, 478
3911, 277, 478
3912, 22, 478
3913, 73, 478
3914, 15, 478
3915, 4, 478
3916, 29, 478
3917, 15, 478
3918, 12, 478
3919, 93, 478
3920, 23, 478
3921, 13, 478
3922, 0, 478
3923, 119, 478
3924, 0, 478
3925, 0, 478
3926, 54, 478
3927, 21, 478
3928, 86, 478
3929, 11, 478
3930, 487, 487
3931, 19, 487
3932, 89, 487
3933, 25, 487
3934, 77, 487
3935, 26, 487
3936, 51, 487
3937, 192, 487
3938, 10, 487
3939, 50, 487
3940, 0, 487
3941, 101, 487
3942, 0, 487
3943, 24, 487
3944, 73, 487
3945, 19, 487
3946, 13, 487
3947, 18, 487
3948, 160, 487
3949, 53, 487
3950, 0, 487
3951, 47, 487
3952, 0, 487
3953, 0, 487
3954, 50, 487
3955, 22, 487
3956, 9, 487
3957, 42, 487
3958, 16, 487
3959, 0, 487
3960, 5, 487
3961, 70, 487
3962, 1, 487
3963, 178, 487
3964, 31, 487
3965, 73, 487
3966, 103, 487
3967, 0, 487
3968, 0, 487
3969, 42, 487
3970, 55, 487
3971, 169, 487
3972, 118, 487
3973, 29, 487
3974, 113, 487
3975, 0, 487
3976, 49, 487
3977, 16, 487
3978, 96, 487
3979, 131, 487
3980, 92, 487
3981, 15, 487
3982, 66, 487
3983, 0, 487
3984, 71, 487
3985, 0, 487
3986, 43, 487
3987, 107, 487
3988, 0, 487
3989, 116, 487
3990, 147, 487
3991, 0, 487
3992, 15, 487
3993, 1, 487
3994, 0, 487
3995, 0, 487
3996, 30, 487
3997, 59, 487
3998, 24, 487
3999, 0, 487
4000, 0, 487
4001, 21, 487
4002, 5, 487
4003, 0, 487
4004, 0, 487
4005, 0, 487
4006, 0, 487
4007, 78, 487
4008, 0, 487
4009, 9, 487
4010, 0, 487
4011, 0, 487
4012, 107, 487
4013, 0, 487
4014, 5, 487
4015, 6, 487
4016, 9, 487
4017, 0, 487
4018, 0, 487
4019, 0, 487
4020, 127, 487
4021, 0, 487
4022, 0, 487
4023, 27, 487
4024, 96, 487
4025, 49, 487
4026, 15, 487
4027, 19, 487
4028, 17, 487
4029, 0, 487
4030, 7, 487
4031, 52, 487
4032, 0, 487
4033, 118, 487
4034, 75, 487
4035, 0, 487
4036, 65, 487
4037, 0, 487
4038, 22, 487
4039, 0, 487
4040, 9, 487
4041, 0, 487
4042, 16, 487
4043, 52, 487
4044, 193, 487
4045, 51, 487
4046, 0, 487
4047, 69, 487
4048, 45, 487
4049, 47, 487
4050, 49, 487
4051, 64, 487
4052, 52, 487
4053, 11, 487
4054, 39, 487
4055, 5, 487
4056, 40, 487
4057, 101, 487
4058, 0, 487
4059, 0, 487
4060, 438, 487
4061, 0, 487
4062, 9, 487
4063, 32, 487
4064, 83, 487
4065, 0, 487
4066, 0, 487
4067, 123, 487
4068, 20, 487
4069, 22, 487
4070, 20, 487
4071, 21, 487
4072, 164, 487
4073, 31, 487
4074, 53, 487
4075, 40, 487
4076, 32, 487
4077, 0, 487
4078, 9, 487
4079, 0, 487
4080, 19, 487
4081, 0, 487
4082, 25, 487
4083, 0, 487
4084, 11, 487
4085, 42, 487
4086, 211, 487
4087, 9, 487
4088, 7, 487
4089, 113, 487
4090, 45, 487
4091, 108, 487
4092, 107, 487
4093, 19, 487
4094, 30, 487
4095, 0, 487
4096, 9, 487
4097, 119, 487
4098, 17, 487
4099, 0, 487
4100, 29, 487
4101, 35, 487
4102, 0, 487
4103, 95, 487
4104, 74, 487
4105, 43, 487
4106, 0, 487
4107, 9, 487
4108, 15, 487
4109, 17, 487
4110, 0, 487
4111, 7, 487
4112, 0, 487
4113, 0, 487
4114, 114, 487
4115, 31, 487
4116, 81, 487
4117, 43, 487
4118, 0, 487
4119, 13, 487
4120, 61, 487
4121, 65, 487
4122, 0, 487
4123, 0, 487
4124, 15, 487
4125, 27, 487
4126, 109, 487
4127, 9, 487
4128, 37, 487
4129, 0, 487
4130, 0, 487
4131, 31, 487
4132, 111, 487
4133, 0, 487
4134, 29, 487
4135, 17, 487
4136, 15, 487
4137, 11, 487
4138, 58, 487
4139, 40, 487
4140, 93, 487
4141, 35, 487
4142, 0, 487
4143, 0, 487
4144, 17, 487
4145, 30, 487
4146, 15, 487
4147, 27, 487
4148, 0, 487
4149, 41, 487
4150, 107, 487
4151, 150, 487
4152, 0, 487
4153, 0, 487
4154, 123, 487
4155, 95, 487
4156, 153, 487
4157, 24, 487
4158, 16, 487
4159, 37, 487
4160, 20, 487
4161, 54, 487
4162, 0, 487
4163, 114, 487
4164, 50, 487
4165, 105, 487
4166, 15, 487
4167, 65, 487
4168, 114, 487
4169, 0, 487
4170, 74, 487
4171, 81, 487
4172, 0, 487
4173, 17, 487
4174, 178, 487
4175, 0, 487
4176, 35, 487
4177, 51, 487
4178, 47, 487
4179, 13, 487
4180, 35, 487
4181, 44, 487
4182, 0, 487
4183, 0, 487
4184, 35, 487
4185, 35, 487
4186, 0, 487
4187, 39, 487
4188, 43, 487
4189, 0, 487
4190, 14, 487
4191, 42, 487
4192, 15, 487
4193, 58, 487
4194, 34, 487
4195, 158, 487
4196, 0, 487
4197, 57, 487
4198, 0, 487
4199, 0, 487
4200, 0, 487
4201, 39, 487
4202, 20, 487
4203, 0, 487
4204, 17, 487
4205, 50, 487
4206, 0, 487
4207, 6, 487
4208, 0, 487
4209, 71, 487
4210, 61, 487
4211, 0, 487
4212, 166, 487
4213, 168, 487
4214, 4, 487
4215, 0, 487
4216, 0, 487
4217, 159, 487
4218, 16, 487
4219, 139, 487
4220, 0, 487
4221, 0, 487
4222, 243, 487
4223, 123, 487
4224, 111, 487
4225, 3, 487
4226, 105, 487
4227, 265, 487
4228, 44, 487
4229, 113, 487
4230, 0, 487
4231, 0, 487
4232, 189, 487
4233, 50, 487
4234, 189, 487
4235, 0, 487
4236, 38, 487
4237, 0, 487
4238, 0, 487
4239, 0, 487
4240, 20, 487
4241, 0, 487
4242, 25, 487
4243, 0, 487
4244, 0, 487
4245, 168, 487
4246, 65, 487
4247, 15, 487
4248, 7, 487
4249, 31, 487
4250, 77, 487
4251, 50, 487
4252, 101, 487
4253, 0, 487
4254, 60, 487
4255, 6, 487
4256, 0, 487
4257, 45, 487
4258, 0, 487
4259, 19, 487
4260, 133, 487
4261, 0, 487
4262, 0, 487
4263, 24, 487
4264, 19, 487
4265, 81, 487
4266, 31, 487
4267, 0, 487
4268, 167, 487
4269, 6, 487
4270, 21, 487
4271, 41, 487
4272, 50, 487
4273, 0, 487
4274, 50, 487
4275, 23, 487
4276, 27, 487
4277, 150, 487
4278, 42, 487
4279, 101, 487
4280, 0, 487
4281, 47, 487
4282, 0, 487
4283, 72, 487
4284, 29, 487
4285, 0, 487
4286, 9, 487
4287, 156, 487
4288, 10, 487
4289, 52, 487
4290, 0, 487
4291, 5, 487
4292, 88, 487
4293, 3, 487
4294, 95, 487
4295, 13, 487
4296, 79, 487
4297, 0, 487
4298, 24, 487
4299, 0, 487
4300, 140, 487
4301, 67, 487
4302, 44, 487
4303, 0, 487
4304, 1, 487
4305, 232, 487
4306, 34, 487
4307, 38, 487
4308, 30, 487
4309, 0, 487
4310, 128, 487
4311, 62, 487
4312, 48, 487
4313, 13, 487
4314, 111, 487
4315, 52, 487
4316, 90, 487
4317, 111, 487
4318, 287, 487
4319, 0, 487
4320, 38, 487
4321, 15, 487
4322, 5, 487
4323, 201, 487
4324, 224, 487
4325, 0, 487
4326, 27, 487
4327, 47, 487
4328, 0, 487
4329, 8, 487
4330, 215, 487
4331, 27, 487
4332, 0, 487
4333, 0, 487
4334, 0, 487
4335, 0, 487
4336, 56, 487
4337, 0, 487
4338, 39, 487
4339, 85, 487
4340, 113, 487
4341, 33, 487
4342, 55, 487
4343, 0, 487
4344, 16, 487
4345, 0, 487
4346, 175, 487
4347, 89, 487
4348, 64, 487
4349, 0, 487
4350, 31, 487
4351, 69, 487
4352, 29, 487
4353, 0, 487
4354, 3, 487
4355, 37, 487
4356, 11, 487
4357, 73, 487
4358, 0, 487
4359, 0, 487
4360, 0, 487
4361, 0, 487
4362, 92, 487
4363, 3, 487
4364, 53, 487
4365, 49, 487
4366, 12, 487
4367, 61, 487
4368, 91, 487
4369, 0, 487
4370, 62, 487
4371, 215, 487
4372, 137, 487
4373, 46, 487
4374, 0, 487
4375, 61, 487
4376, 60, 487
4377, 5, 487
4378, 152, 487
4379, 93, 487
4380, 0, 487
4381, 86, 487
4382, 29, 487
4383, 93, 487
4384, 0, 487
4385, 149, 487
4386, 131, 487
4387, 243, 487
4388, 0, 487
4389, 52, 487
4390, 102, 487
4391, 73, 487
4392, 27, 487
4393, 83, 487
4394, 100, 487
4395, 189, 487
4396, 145, 487
4397, 0, 487
4398, 77, 487
4399, 199, 487
4400, 11, 487
4401, 7, 487
4402, 18, 487
4403, 0, 487
4404, 0, 487
4405, 83, 487
4406, 85, 487
4407, 53, 487
4408, 39, 487
4409, 87, 487
4410, 47, 487
4411, 24, 487
4412, 5, 487
4413, 28, 487
4414, 18, 487
4415, 152, 487
4416, 103, 487
4417, 39, 487
4418, 0, 487
4419, 38, 487
4420, 0, 487
4421, 91, 487
4422, 31, 487
4423, 94, 487
4424, 92, 487
4425, 31, 487
4426, 119, 487
4427, 15, 487
4428, 0, 487
4429, 331, 487
4430, 0, 487
4431, 113, 487
4432, 0, 487
4433, 86, 487
4434, 86, 487
4435, 31, 487
4436, 76, 487
4437, 104, 487
4438, 0, 487
4439, 293, 487
4440, 61, 487
4441, 19, 487
4442, 5, 487
4443, 81, 487
4444, 23, 487
4445, 0, 487
4446, 185, 487
4447, 9, 487
4448, 0, 487
4449, 0, 487
4450, 105, 487
4451, 83, 487
4452, 155, 487
4453, 148, 487
4454, 0, 487
4455, 185, 487
4456, 15, 487
4457, 295, 487
4458, 0, 487
4459, 67, 487
4460, 0, 487
4461, 46, 487
4462, 37, 487
4463, 77, 487
4464, 256, 487
4465, 0, 487
4466, 75, 487
4467, 205, 487
4468, 429, 487
4469, 21, 487
4470, 121, 487
4471, 19, 487
4472, 0, 487
4473, 101, 487
4474, 7, 487
4475, 13, 487
4476, 0, 487
4477, 47, 487
4478, 0, 487
4479, 58, 487
4480, 21, 487
4481, 27, 487
4482, 5, 487
4483, 50, 487
4484, 0, 487
4485, 51, 487
4486, 79, 487
4487, 48, 487
4488, 12, 487
4489, 90, 487
4490, 0, 487
4491, 78, 487
4492, 0, 487
4493, 13, 487
4494, 49, 487
4495, 55, 487
4496, 0, 487
4497, 23, 487
4498, 169, 487
4499, 193, 487
4500, 0, 487
