naive states, alpha = 0.1, gamma = 0.9
1, 0, 0
2, 0, 0
3, 0, 0
4, 0, 0
5, 0, 0
6, 0, 0
7, 0, 0
8, 0, 0
9, 0, 0
10, 0, 0
11, 0, 0
12, 0, 0
13, 0, 0
14, 0, 0
15, 0, 0
16, 0, 0
17, 0, 0
18, 0, 0
19, 0, 0
20, 0, 0
21, 0, 0
22, 0, 0
23, 0, 0
24, 0, 0
25, 0, 0
26, 0, 0
27, 0, 0
28, 0, 0
29, 0, 0
30, 0, 0
31, 0, 0
32, 0, 0
33, 0, 0
34, 0, 0
35, 0, 0
36, 0, 0
37, 0, 0
38, 0, 0
39, 0, 0
40, 0, 0
41, 0, 0
42, 0, 0
43, 0, 0
44, 0, 0
45, 0, 0
46, 0, 0
47, 0, 0
48, 0, 0
49, 0, 0
50, 0, 0
51, 0, 0
52, 0, 0
53, 0, 0
54, 0, 0
55, 0, 0
56, 0, 0
57, 0, 0
58, 0, 0
59, 0, 0
60, 0, 0
61, 0, 0
62, 0, 0
63, 0, 0
64, 0, 0
65, 0, 0
66, 0, 0
67, 0, 0
68, 0, 0
69, 0, 0
70, 0, 0
71, 0, 0
72, 0, 0
73, 0, 0
74, 0, 0
75, 0, 0
76, 0, 0
77, 0, 0
78, 0, 0
79, 0, 0
80, 0, 0
81, 0, 0
82, 0, 0
83, 0, 0
84, 0, 0
85, 0, 0
86, 0, 0
87, 0, 0
88, 0, 0
89, 0, 0
90, 0, 0
91, 0, 0
92, 0, 0
93, 0, 0
94, 0, 0
95, 0, 0
96, 0, 0
97, 0, 0
98, 0, 0
99, 0, 0
100, 0, 0
101, 0, 0
102, 0, 0
103, 0, 0
104, 0, 0
105, 0, 0
106, 0, 0
107, 0, 0
108, 0, 0
109, 0, 0
110, 0, 0
111, 0, 0
112, 0, 0
113, 0, 0
114, 0, 0
115, 0, 0
116, 0, 0
117, 0, 0
118, 0, 0
119, 0, 0
120, 0, 0
121, 0, 0
122, 0, 0
123, 0, 0
124, 0, 0
125, 0, 0
126, 0, 0
127, 0, 0
128, 0, 0
129, 0, 0
130, 0, 0
131, 0, 0
132, 0, 0
133, 0, 0
134, 0, 0
135, 0, 0
136, 0, 0
137, 0, 0
138, 0, 0
139, 0, 0
140, 0, 0
141, 0, 0
142, 0, 0
143, 0, 0
144, 0, 0
145, 0, 0
146, 0, 0
147, 0, 0
148, 0, 0
149, 0, 0
150, 0, 0
151, 0, 0
152, 0, 0
153, 0, 0
154, 0, 0
155, 0, 0
156, 0, 0
157, 0, 0
158, 0, 0
159, 0, 0
160, 0, 0
161, 0, 0
162, 0, 0
163, 0, 0
164, 0, 0
165, 0, 0
166, 0, 0
167, 0, 0
168, 0, 0
169, 0, 0
170, 0, 0
171, 0, 0
172, 0, 0
173, 0, 0
174, 0, 0
175, 0, 0
176, 0, 0
177, 0, 0
178, 0, 0
179, 0, 0
180, 0, 0
181, 0, 0
182, 0, 0
183, 0, 0
184, 0, 0
185, 0, 0
186, 0, 0
187, 0, 0
188, 0, 0
189, 0, 0
190, 0, 0
191, 0, 0
192, 0, 0
193, 0, 0
194, 0, 0
195, 0, 0
196, 0, 0
197, 0, 0
198, 0, 0
199, 0, 0
200, 0, 0
201, 0, 0
202, 0, 0
203, 0, 0
204, 0, 0
205, 0, 0
206, 0, 0
207, 0, 0
208, 0, 0
209, 0, 0
210, 0, 0
211, 0, 0
212, 0, 0
213, 0, 0
214, 0, 0
215, 0, 0
216, 1, 1
217, 0, 1
218, 0, 1
219, 0, 1
220, 0, 1
221, 0, 1
222, 0, 1
223, 0, 1
224, 0, 1
225, 0, 1
226, 0, 1
227, 0, 1
228, 0, 1
229, 0, 1
230, 0, 1
231, 0, 1
232, 0, 1
233, 0, 1
234, 0, 1
235, 0, 1
236, 0, 1
237, 0, 1
238, 0, 1
239, 0, 1
240, 0, 1
241, 0, 1
242, 0, 1
243, 0, 1
244, 0, 1
245, 0, 1
246, 0, 1
247, 0, 1
248, 0, 1
249, 0, 1
250, 0, 1
251, 0, 1
252, 0, 1
253, 0, 1
254, 0, 1
255, 0, 1
256, 0, 1
257, 0, 1
258, 0, 1
259, 0, 1
260, 0, 1
261, 0, 1
262, 0, 1
263, 0, 1
264, 0, 1
265, 0, 1
266, 0, 1
267, 0, 1
268, 0, 1
269, 0, 1
270, 0, 1
271, 0, 1
272, 0, 1
273, 0, 1
274, 0, 1
275, 0, 1
276, 0, 1
277, 0, 1
278, 0, 1
279, 0, 1
280, 0, 1
281, 0, 1
282, 0, 1
283, 0, 1
284, 0, 1
285, 0, 1
286, 0, 1
287, 0, 1
288, 0, 1
289, 0, 1
290, 0, 1
291, 0, 1
292, 0, 1
293, 0, 1
294, 0, 1
295, 0, 1
296, 0, 1
297, 1, 1
298, 0, 1
299, 0, 1
300, 0, 1
301, 0, 1
302, 0, 1
303, 0, 1
304, 0, 1
305, 0, 1
306, 0, 1
307, 0, 1
308, 0, 1
309, 0, 1
310, 0, 1
311, 0, 1
312, 0, 1
313, 0, 1
314, 0, 1
315, 0, 1
316, 0, 1
317, 0, 1
318, 0, 1
319, 0, 1
320, 0, 1
321, 0, 1
322, 0, 1
323, 0, 1
324, 0, 1
325, 0, 1
326, 0, 1
327, 0, 1
328, 0, 1
329, 0, 1
330, 0, 1
331, 0, 1
332, 0, 1
333, 0, 1
334, 0, 1
335, 0, 1
336, 0, 1
337, 0, 1
338, 0, 1
339, 0, 1
340, 0, 1
341, 0, 1
342, 0, 1
343, 0, 1
344, 0, 1
345, 0, 1
346, 0, 1
347, 0, 1
348, 0, 1
349, 0, 1
350, 0, 1
351, 0, 1
352, 0, 1
353, 0, 1
354, 0, 1
355, 0, 1
356, 0, 1
357, 0, 1
358, 0, 1
359, 0, 1
360, 0, 1
361, 0, 1
362, 0, 1
363, 0, 1
364, 0, 1
365, 0, 1
366, 0, 1
367, 0, 1
368, 0, 1
369, 0, 1
370, 0, 1
371, 0, 1
372, 0, 1
373, 0, 1
374, 0, 1
375, 1, 1
376, 0, 1
377, 0, 1
378, 0, 1
379, 0, 1
380, 0, 1
381, 0, 1
382, 0, 1
383, 0, 1
384, 0, 1
385, 0, 1
386, 0, 1
387, 0, 1
388, 0, 1
389, 0, 1
390, 0, 1
391, 0, 1
392, 0, 1
393, 0, 1
394, 1, 1
395, 0, 1
396, 0, 1
397, 0, 1
398, 0, 1
399, 0, 1
400, 0, 1
401, 0, 1
402, 0, 1
403, 0, 1
404, 0, 1
405, 0, 1
406, 0, 1
407, 0, 1
408, 0, 1
409, 0, 1
410, 0, 1
411, 0, 1
412, 0, 1
413, 0, 1
414, 0, 1
415, 0, 1
416, 0, 1
417, 0, 1
418, 0, 1
419, 0, 1
420, 0, 1
421, 0, 1
422, 0, 1
423, 0, 1
424, 0, 1
425, 0, 1
426, 0, 1
427, 0, 1
428, 0, 1
429, 0, 1
430, 0, 1
431, 0, 1
432, 0, 1
433, 0, 1
434, 0, 1
435, 1, 1
436, 0, 1
437, 0, 1
438, 0, 1
439, 0, 1
440, 0, 1
441, 0, 1
442, 0, 1
443, 0, 1
444, 0, 1
445, 0, 1
446, 0, 1
447, 0, 1
448, 0, 1
449, 0, 1
450, 0, 1
451, 0, 1
452, 0, 1
453, 0, 1
454, 0, 1
455, 0, 1
456, 1, 1
457, 0, 1
458, 0, 1
459, 0, 1
460, 0, 1
461, 0, 1
462, 0, 1
463, 0, 1
464, 0, 1
465, 0, 1
466, 0, 1
467, 0, 1
468, 0, 1
469, 0, 1
470, 0, 1
471, 0, 1
472, 0, 1
473, 0, 1
474, 0, 1
475, 0, 1
476, 0, 1
477, 0, 1
478, 0, 1
479, 0, 1
480, 0, 1
481, 0, 1
482, 0, 1
483, 0, 1
484, 0, 1
485, 0, 1
486, 0, 1
487, 0, 1
488, 0, 1
489, 0, 1
490, 0, 1
491, 0, 1
492, 0, 1
493, 0, 1
494, 0, 1
495, 0, 1
496, 0, 1
497, 0, 1
498, 0, 1
499, 0, 1
500, 0, 1
501, 0, 1
502, 0, 1
503, 0, 1
504, 0, 1
505, 0, 1
506, 0, 1
507, 0, 1
508, 0, 1
509, 0, 1
510, 0, 1
511, 0, 1
512, 0, 1
513, 0, 1
514, 0, 1
515, 0, 1
516, 0, 1
517, 0, 1
518, 0, 1
519, 0, 1
520, 0, 1
521, 0, 1
522, 0, 1
523, 0, 1
524, 0, 1
525, 1, 1
526, 0, 1
527, 0, 1
528, 0, 1
529, 0, 1
530, 0, 1
531, 0, 1
532, 0, 1
533, 0, 1
534, 0, 1
535, 0, 1
536, 0, 1
537, 0, 1
538, 0, 1
539, 0, 1
540, 0, 1
541, 0, 1
542, 0, 1
543, 0, 1
544, 0, 1
545, 0, 1
546, 0, 1
547, 0, 1
548, 0, 1
549, 0, 1
550, 0, 1
551, 0, 1
552, 1, 1
553, 0, 1
554, 0, 1
555, 0, 1
556, 0, 1
557, 0, 1
558, 0, 1
559, 0, 1
560, 0, 1
561, 0, 1
562, 0, 1
563, 0, 1
564, 0, 1
565, 0, 1
566, 0, 1
567, 0, 1
568, 0, 1
569, 0, 1
570, 0, 1
571, 0, 1
572, 0, 1
573, 0, 1
574, 0, 1
575, 0, 1
576, 0, 1
577, 0, 1
578, 0, 1
579, 0, 1
580, 0, 1
581, 0, 1
582, 0, 1
583, 0, 1
584, 0, 1
585, 0, 1
586, 0, 1
587, 0, 1
588, 0, 1
589, 0, 1
590, 0, 1
591, 0, 1
592, 0, 1
593, 0, 1
594, 0, 1
595, 0, 1
596, 0, 1
597, 0, 1
598, 0, 1
599, 0, 1
600, 0, 1
601, 0, 1
602, 0, 1
603, 0, 1
604, 0, 1
605, 0, 1
606, 0, 1
607, 0, 1
608, 0, 1
609, 0, 1
610, 0, 1
611, 0, 1
612, 0, 1
613, 0, 1
614, 0, 1
615, 0, 1
616, 0, 1
617, 0, 1
618, 0, 1
619, 0, 1
620, 0, 1
621, 0, 1
622, 0, 1
623, 0, 1
624, 0, 1
625, 0, 1
626, 0, 1
627, 0, 1
628, 0, 1
629, 0, 1
630, 0, 1
631, 0, 1
632, 0, 1
633, 0, 1
634, 0, 1
635, 0, 1
636, 0, 1
637, 1, 1
638, 0, 1
639, 0, 1
640, 0, 1
641, 0, 1
642, 0, 1
643, 0, 1
644, 0, 1
645, 0, 1
646, 0, 1
647, 0, 1
648, 0, 1
649, 0, 1
650, 0, 1
651, 0, 1
652, 0, 1
653, 0, 1
654, 0, 1
655, 0, 1
656, 0, 1
657, 0, 1
658, 0, 1
659, 0, 1
660, 0, 1
661, 1, 1
662, 0, 1
663, 0, 1
664, 0, 1
665, 0, 1
666, 0, 1
667, 0, 1
668, 1, 1
669, 0, 1
670, 0, 1
671, 0, 1
672, 0, 1
673, 0, 1
674, 0, 1
675, 0, 1
676, 1, 1
677, 0, 1
678, 0, 1
679, 1, 1
680, 0, 1
681, 0, 1
682, 0, 1
683, 0, 1
684, 0, 1
685, 0, 1
686, 0, 1
687, 0, 1
688, 1, 1
689, 0, 1
690, 0, 1
691, 0, 1
692, 0, 1
693, 0, 1
694, 0, 1
695, 0, 1
696, 0, 1
697, 0, 1
698, 0, 1
699, 0, 1
700, 0, 1
701, 0, 1
702, 0, 1
703, 0, 1
704, 0, 1
705, 0, 1
706, 0, 1
707, 0, 1
708, 0, 1
709, 1, 1
710, 0, 1
711, 0, 1
712, 0, 1
713, 0, 1
714, 0, 1
715, 0, 1
716, 0, 1
717, 0, 1
718, 0, 1
719, 0, 1
720, 0, 1
721, 0, 1
722, 0, 1
723, 0, 1
724, 0, 1
725, 0, 1
726, 0, 1
727, 0, 1
728, 0, 1
729, 0, 1
730, 0, 1
731, 0, 1
732, 0, 1
733, 0, 1
734, 0, 1
735, 0, 1
736, 0, 1
737, 0, 1
738, 0, 1
739, 0, 1
740, 0, 1
741, 0, 1
742, 0, 1
743, 1, 1
744, 0, 1
745, 0, 1
746, 0, 1
747, 0, 1
748, 0, 1
749, 0, 1
750, 0, 1
751, 0, 1
752, 0, 1
753, 0, 1
754, 0, 1
755, 0, 1
756, 0, 1
757, 0, 1
758, 0, 1
759, 0, 1
760, 0, 1
761, 0, 1
762, 0, 1
763, 0, 1
764, 0, 1
765, 0, 1
766, 0, 1
767, 0, 1
768, 0, 1
769, 0, 1
770, 0, 1
771, 0, 1
772, 0, 1
773, 0, 1
774, 0, 1
775, 0, 1
776, 0, 1
777, 0, 1
778, 0, 1
779, 0, 1
780, 0, 1
781, 0, 1
782, 0, 1
783, 0, 1
784, 0, 1
785, 0, 1
786, 0, 1
787, 1, 1
788, 0, 1
789, 0, 1
790, 0, 1
791, 0, 1
792, 0, 1
793, 0, 1
794, 0, 1
795, 0, 1
796, 0, 1
797, 0, 1
798, 1, 1
799, 0, 1
800, 0, 1
801, 0, 1
802, 0, 1
803, 0, 1
804, 0, 1
805, 0, 1
806, 0, 1
807, 0, 1
808, 1, 1
809, 0, 1
810, 0, 1
811, 0, 1
812, 0, 1
813, 0, 1
814, 0, 1
815, 0, 1
816, 0, 1
817, 0, 1
818, 0, 1
819, 0, 1
820, 0, 1
821, 0, 1
822, 0, 1
823, 0, 1
824, 1, 1
825, 0, 1
826, 0, 1
827, 0, 1
828, 0, 1
829, 0, 1
830, 0, 1
831, 0, 1
832, 0, 1
833, 0, 1
834, 0, 1
835, 1, 1
836, 1, 1
837, 0, 1
838, 0, 1
839, 0, 1
840, 1, 1
841, 0, 1
842, 0, 1
843, 0, 1
844, 0, 1
845, 0, 1
846, 0, 1
847, 0, 1
848, 0, 1
849, 0, 1
850, 0, 1
851, 0, 1
852, 0, 1
853, 1, 1
854, 0, 1
855, 0, 1
856, 0, 1
857, 0, 1
858, 0, 1
859, 0, 1
860, 0, 1
861, 0, 1
862, 0, 1
863, 0, 1
864, 0, 1
865, 0, 1
866, 0, 1
867, 0, 1
868, 1, 1
869, 1, 1
870, 0, 1
871, 0, 1
872, 0, 1
873, 0, 1
874, 0, 1
875, 1, 1
876, 0, 1
877, 0, 1
878, 0, 1
879, 0, 1
880, 0, 1
881, 0, 1
882, 0, 1
883, 0, 1
884, 0, 1
885, 0, 1
886, 0, 1
887, 0, 1
888, 0, 1
889, 0, 1
890, 0, 1
891, 0, 1
892, 0, 1
893, 0, 1
894, 0, 1
895, 1, 1
896, 0, 1
897, 0, 1
898, 0, 1
899, 0, 1
900, 0, 1
901, 0, 1
902, 0, 1
903, 0, 1
904, 0, 1
905, 0, 1
906, 0, 1
907, 0, 1
908, 0, 1
909, 0, 1
910, 0, 1
911, 0, 1
912, 0, 1
913, 0, 1
914, 0, 1
915, 0, 1
916, 0, 1
917, 0, 1
918, 0, 1
919, 0, 1
920, 0, 1
921, 0, 1
922, 0, 1
923, 0, 1
924, 0, 1
925, 0, 1
926, 0, 1
927, 0, 1
928, 0, 1
929, 0, 1
930, 0, 1
931, 0, 1
932, 0, 1
933, 0, 1
934, 0, 1
935, 0, 1
936, 0, 1
937, 0, 1
938, 0, 1
939, 0, 1
940, 0, 1
941, 0, 1
942, 0, 1
943, 0, 1
944, 0, 1
945, 0, 1
946, 0, 1
947, 0, 1
948, 0, 1
949, 0, 1
950, 0, 1
951, 0, 1
952, 0, 1
953, 0, 1
954, 0, 1
955, 0, 1
956, 0, 1
957, 0, 1
958, 0, 1
959, 0, 1
960, 0, 1
961, 0, 1
962, 0, 1
963, 0, 1
964, 0, 1
965, 0, 1
966, 0, 1
967, 0, 1
968, 0, 1
969, 0, 1
970, 0, 1
971, 0, 1
972, 0, 1
973, 0, 1
974, 0, 1
975, 0, 1
976, 0, 1
977, 0, 1
978, 0, 1
979, 0, 1
980, 1, 1
981, 0, 1
982, 0, 1
983, 0, 1
984, 0, 1
985, 0, 1
986, 0, 1
987, 0, 1
988, 0, 1
989, 0, 1
990, 1, 1
991, 0, 1
992, 0, 1
993, 0, 1
994, 0, 1
995, 0, 1
996, 0, 1
997, 0, 1
998, 0, 1
999, 0, 1
1000, 1, 1
1001, 0, 1
1002, 0, 1
1003, 0, 1
1004, 0, 1
1005, 0, 1
1006, 0, 1
1007, 0, 1
1008, 0, 1
1009, 1, 1
1010, 1, 1
1011, 0, 1
1012, 0, 1
1013, 0, 1
1014, 0, 1
1015, 0, 1
1016, 0, 1
1017, 0, 1
1018, 0, 1
1019, 0, 1
1020, 0, 1
1021, 0, 1
1022, 0, 1
1023, 0, 1
1024, 0, 1
1025, 0, 1
1026, 0, 1
1027, 0, 1
1028, 0, 1
1029, 0, 1
1030, 0, 1
1031, 0, 1
1032, 0, 1
1033, 0, 1
1034, 0, 1
1035, 0, 1
1036, 0, 1
1037, 0, 1
1038, 0, 1
1039, 0, 1
1040, 1, 1
1041, 0, 1
1042, 0, 1
1043, 0, 1
1044, 0, 1
1045, 0, 1
1046, 0, 1
1047, 0, 1
1048, 0, 1
1049, 0, 1
1050, 0, 1
1051, 0, 1
1052, 0, 1
1053, 0, 1
1054, 0, 1
1055, 2, 2
1056, 0, 2
1057, 0, 2
1058, 1, 2
1059, 0, 2
1060, 0, 2
1061, 0, 2
1062, 0, 2
1063, 0, 2
1064, 2, 2
1065, 0, 2
1066, 0, 2
1067, 0, 2
1068, 0, 2
1069, 0, 2
1070, 0, 2
1071, 0, 2
1072, 0, 2
1073, 0, 2
1074, 0, 2
1075, 0, 2
1076, 0, 2
1077, 0, 2
1078, 0, 2
1079, 0, 2
1080, 1, 2
1081, 0, 2
1082, 0, 2
1083, 0, 2
1084, 0, 2
1085, 0, 2
1086, 0, 2
1087, 0, 2
1088, 0, 2
1089, 0, 2
1090, 0, 2
1091, 0, 2
1092, 0, 2
1093, 0, 2
1094, 0, 2
1095, 0, 2
1096, 0, 2
1097, 0, 2
1098, 0, 2
1099, 1, 2
1100, 0, 2
1101, 1, 2
1102, 0, 2
1103, 0, 2
1104, 0, 2
1105, 0, 2
1106, 0, 2
1107, 0, 2
1108, 0, 2
1109, 0, 2
1110, 0, 2
1111, 0, 2
1112, 0, 2
1113, 1, 2
1114, 0, 2
1115, 0, 2
1116, 0, 2
1117, 0, 2
1118, 0, 2
1119, 0, 2
1120, 0, 2
1121, 0, 2
1122, 0, 2
1123, 0, 2
1124, 0, 2
1125, 0, 2
1126, 0, 2
1127, 0, 2
1128, 0, 2
1129, 0, 2
1130, 1, 2
1131, 0, 2
1132, 0, 2
1133, 0, 2
1134, 0, 2
1135, 0, 2
1136, 0, 2
1137, 0, 2
1138, 0, 2
1139, 0, 2
1140, 0, 2
1141, 0, 2
1142, 0, 2
1143, 0, 2
1144, 0, 2
1145, 0, 2
1146, 0, 2
1147, 0, 2
1148, 0, 2
1149, 0, 2
1150, 0, 2
1151, 1, 2
1152, 0, 2
1153, 0, 2
1154, 0, 2
1155, 0, 2
1156, 0, 2
1157, 0, 2
1158, 0, 2
1159, 0, 2
1160, 0, 2
1161, 0, 2
1162, 0, 2
1163, 0, 2
1164, 0, 2
1165, 0, 2
1166, 0, 2
1167, 0, 2
1168, 0, 2
1169, 0, 2
1170, 0, 2
1171, 0, 2
1172, 0, 2
1173, 0, 2
1174, 0, 2
1175, 0, 2
1176, 0, 2
1177, 0, 2
1178, 0, 2
1179, 0, 2
1180, 0, 2
1181, 0, 2
1182, 0, 2
1183, 0, 2
1184, 0, 2
1185, 0, 2
1186, 0, 2
1187, 0, 2
1188, 0, 2
1189, 0, 2
1190, 0, 2
1191, 0, 2
1192, 0, 2
1193, 0, 2
1194, 0, 2
1195, 0, 2
1196, 0, 2
1197, 0, 2
1198, 0, 2
1199, 0, 2
1200, 0, 2
1201, 0, 2
1202, 0, 2
1203, 0, 2
1204, 0, 2
1205, 0, 2
1206, 2, 2
1207, 0, 2
1208, 0, 2
1209, 0, 2
1210, 0, 2
1211, 0, 2
1212, 0, 2
1213, 0, 2
1214, 0, 2
1215, 0, 2
1216, 0, 2
1217, 0, 2
1218, 0, 2
1219, 0, 2
1220, 0, 2
1221, 0, 2
1222, 0, 2
1223, 0, 2
1224, 0, 2
1225, 0, 2
1226, 0, 2
1227, 0, 2
1228, 0, 2
1229, 0, 2
1230, 0, 2
1231, 0, 2
1232, 0, 2
1233, 0, 2
1234, 0, 2
1235, 0, 2
1236, 0, 2
1237, 0, 2
1238, 0, 2
1239, 0, 2
1240, 0, 2
1241, 0, 2
1242, 0, 2
1243, 0, 2
1244, 0, 2
1245, 0, 2
1246, 0, 2
1247, 0, 2
1248, 0, 2
1249, 0, 2
1250, 0, 2
1251, 0, 2
1252, 0, 2
1253, 0, 2
1254, 0, 2
1255, 0, 2
1256, 1, 2
1257, 0, 2
1258, 0, 2
1259, 0, 2
1260, 0, 2
1261, 0, 2
1262, 0, 2
1263, 0, 2
1264, 0, 2
1265, 0, 2
1266, 0, 2
1267, 0, 2
1268, 0, 2
1269, 0, 2
1270, 0, 2
1271, 0, 2
1272, 3, 3
1273, 1, 3
1274, 0, 3
1275, 0, 3
1276, 0, 3
1277, 0, 3
1278, 0, 3
1279, 0, 3
1280, 0, 3
1281, 0, 3
1282, 0, 3
1283, 0, 3
1284, 0, 3
1285, 0, 3
1286, 0, 3
1287, 0, 3
1288, 1, 3
1289, 0, 3
1290, 0, 3
1291, 0, 3
1292, 0, 3
1293, 0, 3
1294, 0, 3
1295, 0, 3
1296, 0, 3
1297, 0, 3
1298, 0, 3
1299, 0, 3
1300, 0, 3
1301, 0, 3
1302, 0, 3
1303, 1, 3
1304, 0, 3
1305, 2, 3
1306, 0, 3
1307, 0, 3
1308, 0, 3
1309, 0, 3
1310, 0, 3
1311, 0, 3
1312, 0, 3
1313, 0, 3
1314, 0, 3
1315, 1, 3
1316, 0, 3
1317, 1, 3
1318, 0, 3
1319, 0, 3
1320, 0, 3
1321, 0, 3
1322, 1, 3
1323, 0, 3
1324, 0, 3
1325, 0, 3
1326, 0, 3
1327, 0, 3
1328, 0, 3
1329, 0, 3
1330, 0, 3
1331, 0, 3
1332, 0, 3
1333, 0, 3
1334, 0, 3
1335, 0, 3
1336, 0, 3
1337, 0, 3
1338, 0, 3
1339, 0, 3
1340, 0, 3
1341, 0, 3
1342, 0, 3
1343, 0, 3
1344, 0, 3
1345, 0, 3
1346, 0, 3
1347, 0, 3
1348, 0, 3
1349, 0, 3
1350, 0, 3
1351, 0, 3
1352, 0, 3
1353, 0, 3
1354, 1, 3
1355, 0, 3
1356, 0, 3
1357, 0, 3
1358, 0, 3
1359, 0, 3
1360, 0, 3
1361, 0, 3
1362, 0, 3
1363, 0, 3
1364, 0, 3
1365, 0, 3
1366, 0, 3
1367, 0, 3
1368, 0, 3
1369, 0, 3
1370, 0, 3
1371, 1, 3
1372, 0, 3
1373, 0, 3
1374, 2, 3
1375, 2, 3
1376, 1, 3
1377, 0, 3
1378, 0, 3
1379, 0, 3
1380, 0, 3
1381, 2, 3
1382, 0, 3
1383, 0, 3
1384, 0, 3
1385, 0, 3
1386, 0, 3
1387, 1, 3
1388, 0, 3
1389, 0, 3
1390, 0, 3
1391, 0, 3
1392, 0, 3
1393, 0, 3
1394, 0, 3
1395, 0, 3
1396, 0, 3
1397, 0, 3
1398, 0, 3
1399, 1, 3
1400, 0, 3
1401, 2, 3
1402, 0, 3
1403, 0, 3
1404, 1, 3
1405, 0, 3
1406, 0, 3
1407, 0, 3
1408, 0, 3
1409, 0, 3
1410, 1, 3
1411, 0, 3
1412, 0, 3
1413, 0, 3
1414, 0, 3
1415, 0, 3
1416, 0, 3
1417, 0, 3
1418, 0, 3
1419, 0, 3
1420, 0, 3
1421, 0, 3
1422, 1, 3
1423, 0, 3
1424, 0, 3
1425, 2, 3
1426, 0, 3
1427, 0, 3
1428, 0, 3
1429, 0, 3
1430, 0, 3
1431, 1, 3
1432, 0, 3
1433, 0, 3
1434, 0, 3
1435, 0, 3
1436, 0, 3
1437, 0, 3
1438, 0, 3
1439, 1, 3
1440, 0, 3
1441, 0, 3
1442, 0, 3
1443, 0, 3
1444, 0, 3
1445, 0, 3
1446, 0, 3
1447, 0, 3
1448, 0, 3
1449, 0, 3
1450, 0, 3
1451, 0, 3
1452, 0, 3
1453, 0, 3
1454, 0, 3
1455, 0, 3
1456, 0, 3
1457, 0, 3
1458, 0, 3
1459, 0, 3
1460, 0, 3
1461, 0, 3
1462, 0, 3
1463, 0, 3
1464, 0, 3
1465, 0, 3
1466, 0, 3
1467, 0, 3
1468, 0, 3
1469, 1, 3
1470, 0, 3
1471, 0, 3
1472, 3, 3
1473, 0, 3
1474, 0, 3
1475, 0, 3
1476, 1, 3
1477, 0, 3
1478, 0, 3
1479, 0, 3
1480, 0, 3
1481, 1, 3
1482, 0, 3
1483, 0, 3
1484, 0, 3
1485, 0, 3
1486, 0, 3
1487, 0, 3
1488, 0, 3
1489, 0, 3
1490, 0, 3
1491, 0, 3
1492, 0, 3
1493, 1, 3
1494, 0, 3
1495, 0, 3
1496, 0, 3
1497, 0, 3
1498, 0, 3
1499, 0, 3
1500, 0, 3
1501, 0, 3
1502, 0, 3
1503, 1, 3
1504, 0, 3
1505, 0, 3
1506, 0, 3
1507, 0, 3
1508, 0, 3
1509, 1, 3
1510, 0, 3
1511, 0, 3
1512, 0, 3
1513, 0, 3
1514, 0, 3
1515, 0, 3
1516, 0, 3
1517, 0, 3
1518, 0, 3
1519, 0, 3
1520, 1, 3
1521, 0, 3
1522, 2, 3
1523, 1, 3
1524, 0, 3
1525, 0, 3
1526, 0, 3
1527, 0, 3
1528, 0, 3
1529, 0, 3
1530, 1, 3
1531, 0, 3
1532, 0, 3
1533, 1, 3
1534, 0, 3
1535, 0, 3
1536, 0, 3
1537, 0, 3
1538, 0, 3
1539, 0, 3
1540, 0, 3
1541, 0, 3
1542, 1, 3
1543, 1, 3
1544, 0, 3
1545, 1, 3
1546, 0, 3
1547, 0, 3
1548, 0, 3
1549, 1, 3
1550, 0, 3
1551, 1, 3
1552, 0, 3
1553, 0, 3
1554, 0, 3
1555, 0, 3
1556, 0, 3
1557, 0, 3
1558, 2, 3
1559, 0, 3
1560, 0, 3
1561, 0, 3
1562, 0, 3
1563, 0, 3
1564, 0, 3
1565, 1, 3
1566, 0, 3
1567, 0, 3
1568, 0, 3
1569, 0, 3
1570, 0, 3
1571, 0, 3
1572, 0, 3
1573, 0, 3
1574, 1, 3
1575, 0, 3
1576, 0, 3
1577, 0, 3
1578, 0, 3
1579, 0, 3
1580, 0, 3
1581, 0, 3
1582, 0, 3
1583, 0, 3
1584, 0, 3
1585, 0, 3
1586, 0, 3
1587, 0, 3
1588, 2, 3
1589, 0, 3
1590, 1, 3
1591, 1, 3
1592, 0, 3
1593, 2, 3
1594, 0, 3
1595, 0, 3
1596, 0, 3
1597, 0, 3
1598, 0, 3
1599, 0, 3
1600, 0, 3
1601, 0, 3
1602, 0, 3
1603, 0, 3
1604, 0, 3
1605, 0, 3
1606, 1, 3
1607, 1, 3
1608, 0, 3
1609, 1, 3
1610, 0, 3
1611, 1, 3
1612, 0, 3
1613, 0, 3
1614, 0, 3
1615, 0, 3
1616, 2, 3
1617, 0, 3
1618, 0, 3
1619, 9, 9
1620, 0, 9
1621, 0, 9
1622, 1, 9
1623, 0, 9
1624, 0, 9
1625, 0, 9
1626, 2, 9
1627, 0, 9
1628, 0, 9
1629, 0, 9
1630, 0, 9
1631, 0, 9
1632, 0, 9
1633, 0, 9
1634, 0, 9
1635, 0, 9
1636, 0, 9
1637, 1, 9
1638, 0, 9
1639, 0, 9
1640, 0, 9
1641, 0, 9
1642, 0, 9
1643, 0, 9
1644, 0, 9
1645, 0, 9
1646, 0, 9
1647, 0, 9
1648, 0, 9
1649, 0, 9
1650, 1, 9
1651, 0, 9
1652, 0, 9
1653, 0, 9
1654, 0, 9
1655, 0, 9
1656, 0, 9
1657, 0, 9
1658, 0, 9
1659, 1, 9
1660, 3, 9
1661, 0, 9
1662, 0, 9
1663, 1, 9
1664, 0, 9
1665, 0, 9
1666, 0, 9
1667, 0, 9
1668, 0, 9
1669, 0, 9
1670, 1, 9
1671, 1, 9
1672, 0, 9
1673, 0, 9
1674, 0, 9
1675, 0, 9
1676, 5, 9
1677, 1, 9
1678, 0, 9
1679, 0, 9
1680, 1, 9
1681, 1, 9
1682, 3, 9
1683, 0, 9
1684, 0, 9
1685, 0, 9
1686, 0, 9
1687, 0, 9
1688, 0, 9
1689, 0, 9
1690, 0, 9
1691, 0, 9
1692, 0, 9
1693, 0, 9
1694, 1, 9
1695, 0, 9
1696, 0, 9
1697, 2, 9
1698, 0, 9
1699, 0, 9
1700, 0, 9
1701, 0, 9
1702, 0, 9
1703, 0, 9
1704, 0, 9
1705, 0, 9
1706, 3, 9
1707, 5, 9
1708, 0, 9
1709, 0, 9
1710, 0, 9
1711, 0, 9
1712, 0, 9
1713, 2, 9
1714, 0, 9
1715, 0, 9
1716, 0, 9
1717, 0, 9
1718, 0, 9
1719, 0, 9
1720, 0, 9
1721, 0, 9
1722, 0, 9
1723, 0, 9
1724, 0, 9
1725, 0, 9
1726, 1, 9
1727, 0, 9
1728, 0, 9
1729, 0, 9
1730, 0, 9
1731, 0, 9
1732, 0, 9
1733, 0, 9
1734, 1, 9
1735, 0, 9
1736, 1, 9
1737, 0, 9
1738, 0, 9
1739, 0, 9
1740, 1, 9
1741, 0, 9
1742, 0, 9
1743, 0, 9
1744, 0, 9
1745, 3, 9
1746, 0, 9
1747, 0, 9
1748, 1, 9
1749, 0, 9
1750, 0, 9
1751, 0, 9
1752, 0, 9
1753, 0, 9
1754, 0, 9
1755, 0, 9
1756, 1, 9
1757, 0, 9
1758, 0, 9
1759, 0, 9
1760, 0, 9
1761, 0, 9
1762, 0, 9
1763, 1, 9
1764, 0, 9
1765, 0, 9
1766, 0, 9
1767, 1, 9
1768, 3, 9
1769, 0, 9
1770, 0, 9
1771, 1, 9
1772, 0, 9
1773, 0, 9
1774, 0, 9
1775, 1, 9
1776, 0, 9
1777, 0, 9
1778, 0, 9
1779, 0, 9
1780, 0, 9
1781, 0, 9
1782, 0, 9
1783, 1, 9
1784, 0, 9
1785, 2, 9
1786, 0, 9
1787, 0, 9
1788, 0, 9
1789, 4, 9
1790, 0, 9
1791, 0, 9
1792, 0, 9
1793, 1, 9
1794, 0, 9
1795, 0, 9
1796, 0, 9
1797, 0, 9
1798, 2, 9
1799, 0, 9
1800, 0, 9
1801, 2, 9
1802, 0, 9
1803, 0, 9
1804, 0, 9
1805, 0, 9
1806, 0, 9
1807, 1, 9
1808, 0, 9
1809, 0, 9
1810, 0, 9
1811, 2, 9
1812, 0, 9
1813, 0, 9
1814, 1, 9
1815, 0, 9
1816, 0, 9
1817, 0, 9
1818, 0, 9
1819, 0, 9
1820, 0, 9
1821, 0, 9
1822, 0, 9
1823, 0, 9
1824, 0, 9
1825, 4, 9
1826, 0, 9
1827, 0, 9
1828, 0, 9
1829, 0, 9
1830, 0, 9
1831, 1, 9
1832, 0, 9
1833, 2, 9
1834, 0, 9
1835, 0, 9
1836, 0, 9
1837, 0, 9
1838, 0, 9
1839, 0, 9
1840, 0, 9
1841, 1, 9
1842, 0, 9
1843, 0, 9
1844, 0, 9
1845, 0, 9
1846, 0, 9
1847, 0, 9
1848, 1, 9
1849, 0, 9
1850, 1, 9
1851, 0, 9
1852, 0, 9
1853, 0, 9
1854, 0, 9
1855, 0, 9
1856, 0, 9
1857, 1, 9
1858, 0, 9
1859, 0, 9
1860, 0, 9
1861, 0, 9
1862, 0, 9
1863, 0, 9
1864, 0, 9
1865, 0, 9
1866, 0, 9
1867, 0, 9
1868, 0, 9
1869, 0, 9
1870, 0, 9
1871, 0, 9
1872, 0, 9
1873, 0, 9
1874, 0, 9
1875, 0, 9
1876, 1, 9
1877, 0, 9
1878, 0, 9
1879, 0, 9
1880, 0, 9
1881, 0, 9
1882, 0, 9
1883, 0, 9
1884, 0, 9
1885, 0, 9
1886, 0, 9
1887, 0, 9
1888, 1, 9
1889, 0, 9
1890, 1, 9
1891, 0, 9
1892, 0, 9
1893, 0, 9
1894, 0, 9
1895, 0, 9
1896, 0, 9
1897, 0, 9
1898, 0, 9
1899, 0, 9
1900, 0, 9
1901, 0, 9
1902, 0, 9
1903, 0, 9
1904, 0, 9
1905, 0, 9
1906, 1, 9
1907, 0, 9
1908, 2, 9
1909, 1, 9
1910, 0, 9
1911, 0, 9
1912, 0, 9
1913, 0, 9
1914, 0, 9
1915, 0, 9
1916, 1, 9
1917, 0, 9
1918, 1, 9
1919, 0, 9
1920, 0, 9
1921, 0, 9
1922, 0, 9
1923, 0, 9
1924, 0, 9
1925, 0, 9
1926, 0, 9
1927, 0, 9
1928, 0, 9
1929, 1, 9
1930, 0, 9
1931, 0, 9
1932, 1, 9
1933, 0, 9
1934, 0, 9
1935, 0, 9
1936, 0, 9
1937, 1, 9
1938, 0, 9
1939, 0, 9
1940, 0, 9
1941, 0, 9
1942, 0, 9
1943, 0, 9
1944, 0, 9
1945, 0, 9
1946, 0, 9
1947, 0, 9
1948, 0, 9
1949, 0, 9
1950, 0, 9
1951, 0, 9
1952, 0, 9
1953, 0, 9
1954, 3, 9
1955, 0, 9
1956, 2, 9
1957, 0, 9
1958, 4, 9
1959, 4, 9
1960, 0, 9
1961, 2, 9
1962, 0, 9
1963, 1, 9
1964, 0, 9
1965, 0, 9
1966, 0, 9
1967, 0, 9
1968, 0, 9
1969, 0, 9
1970, 0, 9
1971, 0, 9
1972, 0, 9
1973, 0, 9
1974, 0, 9
1975, 0, 9
1976, 0, 9
1977, 0, 9
1978, 0, 9
1979, 0, 9
1980, 0, 9
1981, 0, 9
1982, 0, 9
1983, 0, 9
1984, 0, 9
1985, 0, 9
1986, 0, 9
1987, 1, 9
1988, 0, 9
1989, 0, 9
1990, 0, 9
1991, 0, 9
1992, 0, 9
1993, 0, 9
1994, 0, 9
1995, 0, 9
1996, 0, 9
1997, 1, 9
1998, 0, 9
1999, 1, 9
2000, 0, 9
2001, 0, 9
2002, 0, 9
2003, 0, 9
2004, 0, 9
2005, 0, 9
2006, 0, 9
2007, 0, 9
2008, 0, 9
2009, 0, 9
2010, 1, 9
2011, 0, 9
2012, 0, 9
2013, 2, 9
2014, 0, 9
2015, 0, 9
2016, 0, 9
2017, 0, 9
2018, 0, 9
2019, 0, 9
2020, 1, 9
2021, 0, 9
2022, 0, 9
2023, 0, 9
2024, 0, 9
2025, 2, 9
2026, 3, 9
2027, 0, 9
2028, 1, 9
