naive states, alpha = 0.5, gamma = 0.9
1, 0, 0
2, 0, 0
3, 0, 0
4, 0, 0
5, 0, 0
6, 0, 0
7, 0, 0
8, 0, 0
9, 0, 0
10, 0, 0
11, 0, 0
12, 0, 0
13, 0, 0
14, 0, 0
15, 0, 0
16, 0, 0
17, 0, 0
18, 0, 0
19, 0, 0
20, 0, 0
21, 0, 0
22, 0, 0
23, 0, 0
24, 0, 0
25, 0, 0
26, 0, 0
27, 0, 0
28, 0, 0
29, 0, 0
30, 0, 0
31, 0, 0
32, 0, 0
33, 0, 0
34, 0, 0
35, 0, 0
36, 0, 0
37, 0, 0
38, 0, 0
39, 0, 0
40, 0, 0
41, 0, 0
42, 0, 0
43, 0, 0
44, 0, 0
45, 0, 0
46, 0, 0
47, 0, 0
48, 0, 0
49, 0, 0
50, 0, 0
51, 0, 0
52, 0, 0
53, 0, 0
54, 0, 0
55, 0, 0
56, 0, 0
57, 0, 0
58, 0, 0
59, 0, 0
60, 0, 0
61, 0, 0
62, 0, 0
63, 0, 0
64, 0, 0
65, 0, 0
66, 0, 0
67, 0, 0
68, 0, 0
69, 0, 0
70, 0, 0
71, 0, 0
72, 0, 0
73, 0, 0
74, 0, 0
75, 0, 0
76, 0, 0
77, 0, 0
78, 0, 0
79, 0, 0
80, 0, 0
81, 0, 0
82, 0, 0
83, 0, 0
84, 0, 0
85, 0, 0
86, 0, 0
87, 0, 0
88, 0, 0
89, 0, 0
90, 0, 0
91, 0, 0
92, 0, 0
93, 0, 0
94, 0, 0
95, 0, 0
96, 0, 0
97, 0, 0
98, 0, 0
99, 0, 0
100, 0, 0
101, 0, 0
102, 0, 0
103, 0, 0
104, 0, 0
105, 0, 0
106, 0, 0
107, 0, 0
108, 0, 0
109, 0, 0
110, 0, 0
111, 0, 0
112, 0, 0
113, 0, 0
114, 0, 0
115, 0, 0
116, 0, 0
117, 0, 0
118, 0, 0
119, 1, 1
120, 0, 1
121, 0, 1
122, 0, 1
123, 0, 1
124, 0, 1
125, 0, 1
126, 0, 1
127, 0, 1
128, 0, 1
129, 0, 1
130, 0, 1
131, 0, 1
132, 0, 1
133, 0, 1
134, 0, 1
135, 0, 1
136, 0, 1
137, 1, 1
138, 0, 1
139, 0, 1
140, 0, 1
141, 0, 1
142, 0, 1
143, 0, 1
144, 0, 1
145, 0, 1
146, 0, 1
147, 0, 1
148, 0, 1
149, 0, 1
150, 0, 1
151, 0, 1
152, 0, 1
153, 0, 1
154, 0, 1
155, 0, 1
156, 0, 1
157, 0, 1
158, 0, 1
159, 0, 1
160, 0, 1
161, 0, 1
162, 1, 1
163, 0, 1
164, 0, 1
165, 0, 1
166, 0, 1
167, 0, 1
168, 0, 1
169, 0, 1
170, 0, 1
171, 0, 1
172, 0, 1
173, 0, 1
174, 0, 1
175, 0, 1
176, 1, 1
177, 0, 1
178, 0, 1
179, 0, 1
180, 0, 1
181, 0, 1
182, 0, 1
183, 0, 1
184, 0, 1
185, 0, 1
186, 0, 1
187, 0, 1
188, 0, 1
189, 1, 1
190, 0, 1
191, 0, 1
192, 0, 1
193, 0, 1
194, 0, 1
195, 0, 1
196, 0, 1
197, 0, 1
198, 0, 1
199, 0, 1
200, 0, 1
201, 0, 1
202, 0, 1
203, 0, 1
204, 0, 1
205, 0, 1
206, 0, 1
207, 0, 1
208, 0, 1
209, 0, 1
210, 0, 1
211, 0, 1
212, 0, 1
213, 0, 1
214, 0, 1
215, 0, 1
216, 0, 1
217, 0, 1
218, 0, 1
219, 0, 1
220, 0, 1
221, 0, 1
222, 0, 1
223, 0, 1
224, 0, 1
225, 0, 1
226, 1, 1
227, 0, 1
228, 0, 1
229, 0, 1
230, 0, 1
231, 1, 1
232, 1, 1
233, 0, 1
234, 0, 1
235, 0, 1
236, 0, 1
237, 0, 1
238, 0, 1
239, 0, 1
240, 0, 1
241, 0, 1
242, 0, 1
243, 1, 1
244, 0, 1
245, 0, 1
246, 0, 1
247, 0, 1
248, 0, 1
249, 0, 1
250, 0, 1
251, 0, 1
252, 0, 1
253, 0, 1
254, 0, 1
255, 0, 1
256, 0, 1
257, 0, 1
258, 0, 1
259, 0, 1
260, 0, 1
261, 1, 1
262, 0, 1
263, 0, 1
264, 0, 1
265, 0, 1
266, 1, 1
267, 0, 1
268, 0, 1
269, 0, 1
270, 0, 1
271, 0, 1
272, 0, 1
273, 0, 1
274, 0, 1
275, 0, 1
276, 0, 1
277, 0, 1
278, 0, 1
279, 0, 1
280, 2, 2
281, 0, 2
282, 0, 2
283, 0, 2
284, 0, 2
285, 0, 2
286, 0, 2
287, 0, 2
288, 0, 2
289, 0, 2
290, 0, 2
291, 0, 2
292, 0, 2
293, 1, 2
294, 0, 2
295, 2, 2
296, 1, 2
297, 0, 2
298, 0, 2
299, 0, 2
300, 0, 2
301, 0, 2
302, 0, 2
303, 0, 2
304, 0, 2
305, 0, 2
306, 0, 2
307, 0, 2
308, 0, 2
309, 0, 2
310, 1, 2
311, 1, 2
312, 0, 2
313, 0, 2
314, 0, 2
315, 0, 2
316, 1, 2
317, 0, 2
318, 2, 2
319, 0, 2
320, 0, 2
321, 0, 2
322, 0, 2
323, 0, 2
324, 0, 2
325, 1, 2
326, 0, 2
327, 1, 2
328, 0, 2
329, 1, 2
330, 0, 2
331, 1, 2
332, 0, 2
333, 0, 2
334, 0, 2
335, 0, 2
336, 2, 2
337, 3, 3
338, 0, 3
339, 0, 3
340, 0, 3
341, 0, 3
342, 0, 3
343, 0, 3
344, 0, 3
345, 0, 3
346, 0, 3
347, 0, 3
348, 0, 3
349, 0, 3
350, 0, 3
351, 0, 3
352, 0, 3
353, 0, 3
354, 0, 3
355, 0, 3
356, 0, 3
357, 0, 3
358, 0, 3
359, 0, 3
360, 2, 3
361, 0, 3
362, 0, 3
363, 0, 3
364, 0, 3
365, 0, 3
366, 0, 3
367, 0, 3
368, 0, 3
369, 0, 3
370, 0, 3
371, 0, 3
372, 0, 3
373, 0, 3
374, 0, 3
375, 0, 3
376, 0, 3
377, 3, 3
378, 0, 3
379, 0, 3
380, 0, 3
381, 0, 3
382, 0, 3
383, 0, 3
384, 1, 3
385, 0, 3
386, 0, 3
387, 1, 3
388, 1, 3
389, 0, 3
390, 0, 3
391, 0, 3
392, 0, 3
393, 0, 3
394, 0, 3
395, 0, 3
396, 0, 3
397, 0, 3
398, 1, 3
399, 0, 3
400, 1, 3
401, 1, 3
402, 0, 3
403, 0, 3
404, 0, 3
405, 1, 3
406, 0, 3
407, 1, 3
408, 1, 3
409, 0, 3
410, 1, 3
411, 0, 3
412, 0, 3
413, 0, 3
414, 1, 3
415, 2, 3
416, 0, 3
417, 0, 3
418, 0, 3
419, 0, 3
420, 0, 3
421, 0, 3
422, 0, 3
423, 0, 3
424, 0, 3
425, 0, 3
426, 2, 3
427, 0, 3
428, 1, 3
429, 0, 3
430, 0, 3
431, 0, 3
432, 0, 3
433, 0, 3
434, 0, 3
435, 0, 3
436, 0, 3
437, 1, 3
438, 0, 3
439, 0, 3
440, 1, 3
441, 0, 3
442, 1, 3
443, 0, 3
444, 0, 3
445, 0, 3
446, 0, 3
447, 0, 3
448, 0, 3
449, 0, 3
450, 1, 3
451, 0, 3
452, 0, 3
453, 0, 3
454, 0, 3
455, 0, 3
456, 1, 3
457, 1, 3
458, 0, 3
459, 0, 3
460, 0, 3
461, 0, 3
462, 1, 3
463, 0, 3
464, 0, 3
465, 0, 3
466, 1, 3
467, 0, 3
468, 0, 3
469, 0, 3
470, 0, 3
471, 0, 3
472, 0, 3
473, 0, 3
474, 0, 3
475, 1, 3
476, 1, 3
477, 0, 3
478, 0, 3
479, 0, 3
480, 2, 3
481, 0, 3
482, 0, 3
483, 0, 3
484, 0, 3
485, 1, 3
486, 0, 3
487, 0, 3
488, 0, 3
489, 0, 3
490, 0, 3
491, 0, 3
492, 0, 3
493, 0, 3
494, 0, 3
495, 1, 3
496, 1, 3
497, 4, 4
498, 0, 4
499, 2, 4
500, 0, 4
501, 0, 4
502, 0, 4
503, 1, 4
504, 0, 4
505, 0, 4
506, 2, 4
507, 3, 4
508, 0, 4
509, 6, 6
510, 7, 7
511, 0, 7
512, 0, 7
513, 0, 7
514, 1, 7
515, 0, 7
516, 0, 7
517, 0, 7
518, 0, 7
519, 0, 7
520, 5, 7
521, 0, 7
522, 5, 7
523, 0, 7
524, 3, 7
525, 0, 7
526, 13, 13
527, 0, 13
528, 0, 13
529, 0, 13
530, 7, 13
531, 0, 13
532, 1, 13
533, 1, 13
534, 0, 13
535, 3, 13
536, 2, 13
537, 3, 13
538, 7, 13
539, 6, 13
540, 0, 13
541, 0, 13
542, 6, 13
543, 4, 13
544, 0, 13
545, 0, 13
546, 0, 13
547, 0, 13
548, 4, 13
549, 1, 13
550, 5, 13
551, 2, 13
552, 0, 13
553, 0, 13
554, 0, 13
555, 1, 13
556, 0, 13
557, 10, 13
558, 0, 13
559, 0, 13
560, 12, 13
561, 19, 19
562, 0, 19
563, 0, 19
564, 15, 19
565, 0, 19
566, 0, 19
567, 0, 19
568, 0, 19
569, 1, 19
570, 7, 19
571, 1, 19
572, 0, 19
573, 1, 19
574, 8, 19
575, 1, 19
576, 0, 19
577, 0, 19
578, 1, 19
579, 1, 19
580, 0, 19
581, 0, 19
582, 2, 19
583, 11, 19
584, 0, 19
585, 0, 19
586, 0, 19
587, 0, 19
588, 0, 19
589, 0, 19
590, 33, 33
591, 28, 33
592, 0, 33
593, 0, 33
594, 0, 33
595, 0, 33
596, 14, 33
597, 0, 33
598, 0, 33
599, 0, 33
600, 0, 33
601, 3, 33
602, 3, 33
603, 0, 33
604, 0, 33
605, 1, 33
606, 0, 33
607, 1, 33
608, 0, 33
609, 0, 33
610, 0, 33
611, 0, 33
612, 0, 33
613, 0, 33
614, 3, 33
615, 0, 33
616, 1, 33
617, 0, 33
618, 0, 33
619, 0, 33
620, 0, 33
621, 0, 33
622, 0, 33
623, 0, 33
624, 10, 33
625, 0, 33
626, 0, 33
627, 0, 33
628, 12, 33
629, 0, 33
630, 1, 33
631, 0, 33
632, 0, 33
633, 0, 33
634, 0, 33
635, 7, 33
636, 0, 33
637, 4, 33
638, 0, 33
639, 6, 33
640, 10, 33
641, 34, 34
642, 0, 34
643, 0, 34
644, 7, 34
645, 5, 34
646, 3, 34
647, 7, 34
648, 0, 34
649, 0, 34
650, 5, 34
651, 0, 34
652, 2, 34
653, 0, 34
654, 0, 34
655, 12, 34
656, 11, 34
657, 10, 34
658, 0, 34
659, 1, 34
660, 26, 34
661, 28, 34
662, 7, 34
663, 0, 34
664, 0, 34
665, 7, 34
666, 15, 34
667, 0, 34
668, 8, 34
669, 0, 34
670, 1, 34
671, 0, 34
672, 0, 34
673, 0, 34
674, 0, 34
675, 5, 34
676, 0, 34
677, 0, 34
678, 42, 42
679, 0, 42
680, 0, 42
681, 1, 42
682, 0, 42
683, 0, 42
684, 5, 42
685, 27, 42
686, 33, 42
687, 0, 42
688, 0, 42
689, 31, 42
690, 0, 42
691, 0, 42
692, 0, 42
693, 0, 42
694, 1, 42
695, 14, 42
696, 0, 42
697, 11, 42
698, 0, 42
699, 0, 42
700, 37, 42
701, 0, 42
702, 4, 42
703, 0, 42
704, 0, 42
705, 0, 42
706, 0, 42
707, 0, 42
708, 13, 42
709, 0, 42
710, 19, 42
711, 1, 42
712, 0, 42
713, 20, 42
714, 1, 42
715, 0, 42
716, 6, 42
717, 0, 42
718, 13, 42
719, 9, 42
720, 0, 42
721, 0, 42
722, 0, 42
723, 0, 42
724, 58, 58
725, 0, 58
726, 0, 58
727, 12, 58
728, 0, 58
729, 0, 58
730, 0, 58
731, 0, 58
732, 0, 58
733, 16, 58
734, 0, 58
735, 0, 58
736, 0, 58
737, 0, 58
738, 10, 58
739, 0, 58
740, 0, 58
741, 23, 58
742, 3, 58
743, 28, 58
744, 0, 58
745, 0, 58
746, 20, 58
747, 0, 58
748, 22, 58
749, 11, 58
750, 6, 58
751, 63, 63
752, 1, 63
753, 3, 63
754, 0, 63
755, 6, 63
756, 0, 63
757, 0, 63
758, 0, 63
759, 0, 63
760, 0, 63
761, 0, 63
762, 9, 63
763, 0, 63
764, 1, 63
765, 15, 63
766, 0, 63
767, 42, 63
768, 0, 63
769, 0, 63
770, 10, 63
771, 63, 63
772, 23, 63
773, 18, 63
774, 24, 63
775, 13, 63
776, 0, 63
777, 0, 63
778, 45, 63
779, 10, 63
780, 1, 63
781, 10, 63
782, 0, 63
783, 14, 63
784, 22, 63
785, 3, 63
786, 5, 63
787, 0, 63
788, 12, 63
789, 6, 63
790, 5, 63
791, 0, 63
792, 19, 63
793, 14, 63
794, 17, 63
795, 0, 63
796, 16, 63
797, 6, 63
798, 0, 63
799, 17, 63
800, 0, 63
801, 0, 63
802, 19, 63
803, 0, 63
804, 30, 63
805, 0, 63
806, 0, 63
807, 7, 63
808, 19, 63
809, 8, 63
810, 2, 63
811, 5, 63
812, 24, 63
813, 21, 63
814, 32, 63
815, 17, 63
816, 0, 63
817, 0, 63
818, 9, 63
819, 11, 63
820, 26, 63
821, 0, 63
822, 23, 63
823, 3, 63
824, 10, 63
825, 39, 63
826, 0, 63
827, 0, 63
828, 0, 63
829, 19, 63
830, 0, 63
831, 0, 63
832, 0, 63
833, 0, 63
834, 4, 63
835, 0, 63
836, 35, 63
837, 0, 63
838, 0, 63
839, 14, 63
840, 38, 63
841, 29, 63
842, 3, 63
843, 16, 63
844, 1, 63
845, 0, 63
846, 0, 63
847, 0, 63
848, 18, 63
849, 14, 63
850, 6, 63
851, 4, 63
852, 0, 63
853, 0, 63
854, 11, 63
855, 3, 63
856, 9, 63
857, 0, 63
858, 2, 63
859, 11, 63
860, 0, 63
861, 8, 63
862, 13, 63
863, 0, 63
864, 14, 63
865, 9, 63
866, 0, 63
867, 17, 63
868, 37, 63
869, 55, 63
870, 0, 63
871, 0, 63
872, 19, 63
873, 1, 63
874, 1, 63
875, 2, 63
876, 122, 122
877, 0, 122
878, 1, 122
879, 0, 122
880, 11, 122
881, 0, 122
882, 27, 122
883, 3, 122
884, 15, 122
885, 0, 122
886, 0, 122
887, 15, 122
888, 0, 122
889, 10, 122
890, 40, 122
891, 10, 122
892, 48, 122
893, 10, 122
894, 0, 122
895, 4, 122
896, 31, 122
897, 4, 122
898, 0, 122
899, 36, 122
900, 14, 122
901, 9, 122
902, 18, 122
903, 0, 122
904, 46, 122
905, 10, 122
906, 35, 122
907, 2, 122
908, 0, 122
909, 0, 122
910, 32, 122
911, 2, 122
912, 17, 122
913, 4, 122
914, 0, 122
915, 3, 122
916, 4, 122
917, 0, 122
918, 0, 122
919, 9, 122
920, 0, 122
921, 8, 122
922, 0, 122
923, 4, 122
924, 0, 122
925, 2, 122
926, 13, 122
927, 0, 122
928, 0, 122
929, 0, 122
930, 0, 122
931, 0, 122
932, 0, 122
933, 23, 122
934, 0, 122
935, 5, 122
936, 0, 122
937, 6, 122
938, 1, 122
939, 2, 122
940, 0, 122
941, 17, 122
942, 0, 122
943, 6, 122
944, 10, 122
945, 21, 122
946, 0, 122
947, 3, 122
948, 26, 122
949, 0, 122
950, 5, 122
951, 0, 122
952, 3, 122
953, 5, 122
954, 0, 122
955, 3, 122
956, 0, 122
957, 5, 122
958, 3, 122
959, 19, 122
960, 0, 122
961, 6, 122
962, 26, 122
963, 0, 122
964, 3, 122
965, 0, 122
966, 0, 122
967, 0, 122
968, 0, 122
969, 14, 122
970, 28, 122
971, 0, 122
972, 0, 122
973, 24, 122
974, 0, 122
975, 1, 122
976, 0, 122
977, 0, 122
978, 0, 122
979, 0, 122
980, 17, 122
981, 0, 122
982, 10, 122
983, 9, 122
984, 0, 122
985, 3, 122
986, 15, 122
987, 9, 122
988, 4, 122
989, 0, 122
990, 0, 122
991, 16, 122
992, 8, 122
993, 5, 122
994, 14, 122
995, 0, 122
996, 5, 122
997, 2, 122
998, 5, 122
999, 2, 122
1000, 9, 122
1001, 3, 122
1002, 0, 122
1003, 0, 122
1004, 19, 122
1005, 3, 122
1006, 7, 122
1007, 14, 122
1008, 16, 122
1009, 3, 122
1010, 9, 122
1011, 0, 122
1012, 7, 122
1013, 0, 122
1014, 24, 122
1015, 11, 122
1016, 6, 122
1017, 0, 122
1018, 46, 122
1019, 6, 122
1020, 6, 122
1021, 0, 122
1022, 7, 122
1023, 14, 122
1024, 0, 122
1025, 0, 122
1026, 8, 122
1027, 6, 122
1028, 3, 122
1029, 2, 122
1030, 0, 122
1031, 9, 122
1032, 1, 122
1033, 0, 122
1034, 0, 122
1035, 3, 122
1036, 4, 122
1037, 1, 122
1038, 0, 122
1039, 0, 122
1040, 0, 122
1041, 0, 122
1042, 6, 122
1043, 15, 122
1044, 0, 122
1045, 0, 122
1046, 0, 122
1047, 0, 122
1048, 5, 122
1049, 0, 122
1050, 7, 122
1051, 19, 122
1052, 20, 122
1053, 0, 122
1054, 0, 122
1055, 0, 122
1056, 2, 122
1057, 2, 122
1058, 0, 122
1059, 0, 122
1060, 0, 122
1061, 0, 122
1062, 5, 122
1063, 0, 122
1064, 31, 122
1065, 0, 122
1066, 4, 122
1067, 0, 122
1068, 0, 122
1069, 0, 122
1070, 1, 122
1071, 6, 122
1072, 0, 122
1073, 5, 122
1074, 0, 122
1075, 0, 122
1076, 0, 122
1077, 0, 122
1078, 9, 122
1079, 10, 122
1080, 0, 122
1081, 9, 122
1082, 0, 122
1083, 10, 122
1084, 0, 122
1085, 0, 122
1086, 32, 122
1087, 24, 122
1088, 0, 122
1089, 0, 122
1090, 6, 122
1091, 0, 122
1092, 0, 122
1093, 21, 122
1094, 7, 122
1095, 2, 122
1096, 15, 122
1097, 38, 122
1098, 1, 122
1099, 13, 122
1100, 33, 122
1101, 0, 122
1102, 60, 122
1103, 17, 122
1104, 21, 122
1105, 40, 122
1106, 0, 122
1107, 12, 122
1108, 0, 122
1109, 0, 122
1110, 0, 122
1111, 0, 122
1112, 0, 122
1113, 0, 122
1114, 13, 122
1115, 0, 122
1116, 0, 122
1117, 3, 122
1118, 30, 122
1119, 0, 122
1120, 0, 122
1121, 0, 122
1122, 0, 122
1123, 0, 122
1124, 0, 122
1125, 9, 122
1126, 33, 122
1127, 0, 122
1128, 6, 122
1129, 12, 122
1130, 50, 122
1131, 23, 122
1132, 26, 122
1133, 22, 122
1134, 66, 122
1135, 1, 122
1136, 46, 122
1137, 0, 122
1138, 49, 122
1139, 45, 122
1140, 101, 122
1141, 35, 122
1142, 1, 122
1143, 47, 122
1144, 0, 122
1145, 0, 122
1146, 4, 122
1147, 0, 122
1148, 0, 122
1149, 16, 122
1150, 79, 122
1151, 0, 122
1152, 0, 122
1153, 0, 122
1154, 4, 122
1155, 2, 122
1156, 0, 122
1157, 208, 208
1158, 0, 208
1159, 19, 208
1160, 13, 208
1161, 11, 208
1162, 2, 208
1163, 12, 208
1164, 13, 208
1165, 7, 208
1166, 28, 208
1167, 0, 208
1168, 37, 208
1169, 38, 208
1170, 0, 208
1171, 11, 208
1172, 22, 208
1173, 201, 208
1174, 82, 208
1175, 2, 208
1176, 34, 208
1177, 5, 208
1178, 6, 208
1179, 47, 208
1180, 18, 208
1181, 5, 208
1182, 9, 208
1183, 0, 208
1184, 27, 208
1185, 0, 208
1186, 0, 208
1187, 23, 208
1188, 0, 208
1189, 0, 208
1190, 0, 208
1191, 1, 208
1192, 17, 208
1193, 15, 208
1194, 38, 208
1195, 0, 208
1196, 0, 208
1197, 0, 208
1198, 7, 208
1199, 41, 208
1200, 0, 208
1201, 0, 208
1202, 20, 208
1203, 12, 208
1204, 5, 208
1205, 4, 208
1206, 20, 208
1207, 24, 208
1208, 39, 208
1209, 0, 208
1210, 55, 208
1211, 0, 208
1212, 9, 208
1213, 38, 208
1214, 0, 208
1215, 32, 208
1216, 0, 208
1217, 11, 208
1218, 11, 208
1219, 0, 208
1220, 0, 208
1221, 7, 208
1222, 22, 208
1223, 4, 208
1224, 0, 208
1225, 0, 208
1226, 23, 208
1227, 0, 208
1228, 0, 208
1229, 37, 208
1230, 0, 208
1231, 17, 208
1232, 12, 208
1233, 0, 208
1234, 33, 208
1235, 0, 208
1236, 0, 208
1237, 0, 208
1238, 0, 208
1239, 0, 208
1240, 1, 208
1241, 0, 208
1242, 96, 208
1243, 0, 208
1244, 48, 208
1245, 23, 208
1246, 3, 208
1247, 10, 208
1248, 30, 208
1249, 0, 208
1250, 38, 208
1251, 17, 208
1252, 17, 208
1253, 2, 208
1254, 12, 208
1255, 0, 208
1256, 11, 208
1257, 0, 208
1258, 65, 208
1259, 7, 208
1260, 20, 208
1261, 55, 208
1262, 21, 208
1263, 0, 208
1264, 0, 208
1265, 36, 208
1266, 0, 208
1267, 17, 208
1268, 39, 208
1269, 10, 208
1270, 17, 208
1271, 0, 208
1272, 6, 208
1273, 0, 208
1274, 4, 208
1275, 5, 208
1276, 5, 208
1277, 2, 208
1278, 7, 208
1279, 7, 208
1280, 6, 208
1281, 4, 208
1282, 4, 208
1283, 0, 208
1284, 0, 208
1285, 8, 208
1286, 0, 208
1287, 9, 208
1288, 3, 208
1289, 0, 208
1290, 29, 208
1291, 15, 208
1292, 0, 208
1293, 0, 208
1294, 1, 208
1295, 0, 208
1296, 14, 208
1297, 4, 208
1298, 22, 208
1299, 37, 208
1300, 4, 208
1301, 20, 208
1302, 7, 208
1303, 11, 208
1304, 30, 208
1305, 0, 208
1306, 1, 208
1307, 12, 208
1308, 7, 208
1309, 0, 208
1310, 15, 208
1311, 10, 208
1312, 4, 208
1313, 4, 208
1314, 0, 208
1315, 3, 208
1316, 13, 208
1317, 0, 208
1318, 12, 208
1319, 0, 208
1320, 13, 208
1321, 16, 208
1322, 0, 208
1323, 13, 208
1324, 31, 208
1325, 1, 208
1326, 14, 208
1327, 14, 208
1328, 21, 208
1329, 0, 208
1330, 0, 208
1331, 0, 208
1332, 0, 208
1333, 6, 208
1334, 0, 208
1335, 23, 208
1336, 24, 208
1337, 13, 208
1338, 0, 208
1339, 19, 208
1340, 0, 208
1341, 0, 208
1342, 81, 208
1343, 19, 208
1344, 0, 208
1345, 11, 208
1346, 19, 208
1347, 21, 208
1348, 7, 208
1349, 29, 208
1350, 3, 208
1351, 68, 208
1352, 41, 208
1353, 53, 208
1354, 19, 208
1355, 0, 208
1356, 0, 208
1357, 0, 208
1358, 0, 208
1359, 17, 208
1360, 10, 208
1361, 6, 208
1362, 5, 208
1363, 13, 208
1364, 0, 208
1365, 0, 208
1366, 16, 208
1367, 9, 208
1368, 1, 208
1369, 22, 208
1370, 7, 208
1371, 9, 208
1372, 5, 208
1373, 0, 208
1374, 0, 208
1375, 0, 208
1376, 0, 208
1377, 0, 208
1378, 9, 208
1379, 0, 208
1380, 0, 208
1381, 14, 208
1382, 4, 208
1383, 1, 208
1384, 32, 208
1385, 9, 208
1386, 1, 208
1387, 0, 208
1388, 5, 208
1389, 17, 208
1390, 24, 208
1391, 9, 208
1392, 0, 208
1393, 6, 208
1394, 0, 208
1395, 10, 208
1396, 8, 208
1397, 7, 208
1398, 48, 208
1399, 0, 208
1400, 0, 208
1401, 0, 208
1402, 0, 208
1403, 29, 208
1404, 0, 208
1405, 0, 208
1406, 28, 208
1407, 8, 208
1408, 0, 208
1409, 0, 208
1410, 13, 208
1411, 5, 208
1412, 10, 208
1413, 0, 208
1414, 7, 208
1415, 5, 208
1416, 0, 208
1417, 69, 208
1418, 0, 208
1419, 5, 208
1420, 18, 208
1421, 9, 208
1422, 53, 208
1423, 0, 208
1424, 37, 208
1425, 23, 208
1426, 0, 208
1427, 0, 208
1428, 0, 208
1429, 40, 208
1430, 15, 208
1431, 5, 208
1432, 7, 208
1433, 57, 208
1434, 0, 208
1435, 0, 208
1436, 71, 208
1437, 0, 208
1438, 0, 208
1439, 99, 208
1440, 0, 208
1441, 49, 208
1442, 0, 208
1443, 20, 208
1444, 29, 208
1445, 0, 208
1446, 47, 208
1447, 1, 208
1448, 14, 208
1449, 5, 208
1450, 18, 208
1451, 0, 208
1452, 10, 208
1453, 0, 208
1454, 7, 208
1455, 4, 208
1456, 0, 208
1457, 0, 208
1458, 0, 208
1459, 0, 208
1460, 0, 208
1461, 0, 208
1462, 57, 208
1463, 0, 208
1464, 0, 208
1465, 0, 208
1466, 11, 208
1467, 0, 208
1468, 0, 208
1469, 0, 208
1470, 26, 208
1471, 67, 208
1472, 33, 208
1473, 14, 208
1474, 0, 208
1475, 9, 208
1476, 0, 208
1477, 0, 208
1478, 0, 208
1479, 65, 208
1480, 45, 208
1481, 5, 208
1482, 26, 208
1483, 0, 208
1484, 135, 208
1485, 7, 208
1486, 26, 208
1487, 0, 208
1488, 24, 208
1489, 0, 208
1490, 13, 208
1491, 0, 208
1492, 150, 208
1493, 15, 208
1494, 10, 208
1495, 0, 208
1496, 3, 208
1497, 73, 208
1498, 153, 208
1499, 0, 208
1500, 5, 208
1501, 9, 208
1502, 23, 208
1503, 193, 208
1504, 0, 208
1505, 1, 208
1506, 88, 208
1507, 0, 208
1508, 27, 208
1509, 2, 208
1510, 0, 208
1511, 8, 208
1512, 12, 208
1513, 29, 208
1514, 12, 208
1515, 0, 208
1516, 0, 208
1517, 23, 208
1518, 36, 208
1519, 3, 208
1520, 11, 208
1521, 0, 208
1522, 169, 208
1523, 153, 208
1524, 0, 208
1525, 23, 208
1526, 95, 208
1527, 0, 208
1528, 63, 208
1529, 0, 208
1530, 18, 208
1531, 133, 208
1532, 0, 208
1533, 39, 208
1534, 24, 208
1535, 55, 208
1536, 0, 208
1537, 21, 208
1538, 0, 208
1539, 26, 208
1540, 0, 208
1541, 85, 208
1542, 0, 208
1543, 0, 208
1544, 31, 208
1545, 19, 208
1546, 0, 208
1547, 25, 208
1548, 0, 208
1549, 28, 208
1550, 0, 208
1551, 46, 208
1552, 1, 208
1553, 4, 208
1554, 11, 208
1555, 25, 208
1556, 23, 208
1557, 31, 208
1558, 0, 208
1559, 51, 208
1560, 51, 208
1561, 23, 208
1562, 13, 208
1563, 1, 208
1564, 58, 208
1565, 156, 208
1566, 0, 208
1567, 135, 208
1568, 10, 208
1569, 0, 208
1570, 23, 208
1571, 44, 208
1572, 47, 208
1573, 0, 208
1574, 63, 208
1575, 15, 208
1576, 21, 208
1577, 12, 208
1578, 89, 208
1579, 132, 208
1580, 0, 208
1581, 22, 208
1582, 0, 208
1583, 28, 208
1584, 0, 208
1585, 21, 208
1586, 13, 208
1587, 8, 208
1588, 0, 208
1589, 0, 208
1590, 8, 208
1591, 0, 208
1592, 0, 208
1593, 12, 208
1594, 0, 208
1595, 8, 208
1596, 20, 208
1597, 0, 208
1598, 0, 208
1599, 2, 208
1600, 70, 208
1601, 20, 208
1602, 0, 208
1603, 0, 208
1604, 5, 208
1605, 53, 208
1606, 11, 208
1607, 0, 208
1608, 42, 208
1609, 0, 208
1610, 46, 208
1611, 22, 208
1612, 0, 208
1613, 0, 208
1614, 0, 208
1615, 89, 208
1616, 10, 208
1617, 13, 208
1618, 0, 208
1619, 25, 208
1620, 0, 208
1621, 14, 208
1622, 0, 208
1623, 0, 208
1624, 57, 208
1625, 4, 208
1626, 7, 208
1627, 23, 208
1628, 0, 208
1629, 33, 208
1630, 0, 208
1631, 0, 208
1632, 0, 208
1633, 2, 208
1634, 18, 208
1635, 0, 208
1636, 0, 208
1637, 0, 208
1638, 1, 208
1639, 0, 208
1640, 13, 208
1641, 0, 208
1642, 0, 208
1643, 3, 208
1644, 5, 208
1645, 10, 208
1646, 11, 208
1647, 6, 208
1648, 6, 208
1649, 0, 208
1650, 0, 208
1651, 39, 208
1652, 0, 208
1653, 0, 208
1654, 5, 208
1655, 3, 208
1656, 4, 208
1657, 10, 208
1658, 10, 208
1659, 0, 208
1660, 0, 208
1661, 11, 208
1662, 26, 208
1663, 0, 208
1664, 7, 208
1665, 18, 208
1666, 13, 208
1667, 13, 208
1668, 3, 208
1669, 0, 208
1670, 21, 208
1671, 10, 208
1672, 0, 208
1673, 43, 208
1674, 0, 208
1675, 9, 208
1676, 42, 208
1677, 0, 208
1678, 18, 208
1679, 0, 208
1680, 0, 208
1681, 0, 208
1682, 9, 208
1683, 55, 208
1684, 6, 208
1685, 27, 208
1686, 0, 208
1687, 0, 208
1688, 0, 208
1689, 16, 208
1690, 0, 208
1691, 0, 208
1692, 30, 208
1693, 40, 208
1694, 0, 208
1695, 0, 208
1696, 47, 208
1697, 56, 208
1698, 0, 208
1699, 8, 208
1700, 0, 208
1701, 0, 208
1702, 13, 208
1703, 15, 208
1704, 0, 208
1705, 14, 208
1706, 13, 208
1707, 11, 208
1708, 7, 208
1709, 7, 208
1710, 2, 208
1711, 0, 208
1712, 0, 208
1713, 25, 208
1714, 11, 208
1715, 18, 208
1716, 17, 208
1717, 0, 208
1718, 63, 208
1719, 18, 208
1720, 0, 208
1721, 0, 208
1722, 0, 208
1723, 0, 208
1724, 61, 208
1725, 0, 208
1726, 14, 208
1727, 5, 208
1728, 11, 208
1729, 20, 208
1730, 22, 208
1731, 0, 208
1732, 2, 208
1733, 9, 208
1734, 3, 208
1735, 0, 208
1736, 12, 208
1737, 0, 208
1738, 0, 208
1739, 13, 208
1740, 20, 208
1741, 0, 208
1742, 12, 208
1743, 0, 208
1744, 0, 208
1745, 0, 208
1746, 0, 208
1747, 4, 208
1748, 11, 208
1749, 31, 208
1750, 0, 208
1751, 4, 208
1752, 7, 208
1753, 10, 208
1754, 0, 208
1755, 0, 208
1756, 8, 208
1757, 0, 208
1758, 9, 208
1759, 0, 208
1760, 0, 208
1761, 6, 208
1762, 12, 208
1763, 11, 208
1764, 30, 208
1765, 15, 208
1766, 0, 208
1767, 6, 208
1768, 5, 208
1769, 9, 208
1770, 5, 208
1771, 8, 208
1772, 1, 208
1773, 5, 208
1774, 14, 208
1775, 13, 208
1776, 0, 208
1777, 24, 208
1778, 15, 208
1779, 10, 208
1780, 0, 208
1781, 6, 208
1782, 3, 208
1783, 54, 208
1784, 6, 208
1785, 36, 208
1786, 15, 208
1787, 4, 208
1788, 7, 208
1789, 0, 208
1790, 0, 208
1791, 0, 208
1792, 0, 208
1793, 4, 208
1794, 0, 208
1795, 14, 208
1796, 17, 208
1797, 7, 208
1798, 0, 208
1799, 0, 208
1800, 8, 208
1801, 0, 208
1802, 0, 208
1803, 5, 208
1804, 0, 208
1805, 12, 208
1806, 0, 208
1807, 29, 208
1808, 0, 208
1809, 6, 208
1810, 0, 208
1811, 13, 208
1812, 0, 208
1813, 0, 208
1814, 0, 208
1815, 0, 208
1816, 0, 208
1817, 6, 208
1818, 0, 208
1819, 0, 208
1820, 0, 208
1821, 0, 208
1822, 12, 208
1823, 9, 208
1824, 22, 208
1825, 5, 208
1826, 0, 208
1827, 0, 208
1828, 6, 208
1829, 0, 208
1830, 0, 208
1831, 19, 208
1832, 0, 208
1833, 0, 208
1834, 6, 208
1835, 0, 208
1836, 0, 208
1837, 0, 208
1838, 14, 208
1839, 0, 208
1840, 0, 208
1841, 5, 208
1842, 9, 208
1843, 22, 208
1844, 0, 208
1845, 7, 208
1846, 6, 208
1847, 13, 208
1848, 0, 208
1849, 5, 208
1850, 0, 208
1851, 13, 208
1852, 0, 208
1853, 22, 208
1854, 3, 208
1855, 23, 208
1856, 15, 208
1857, 2, 208
1858, 3, 208
1859, 0, 208
1860, 2, 208
1861, 0, 208
1862, 28, 208
1863, 92, 208
1864, 0, 208
1865, 0, 208
1866, 12, 208
1867, 0, 208
1868, 2, 208
1869, 9, 208
1870, 9, 208
1871, 0, 208
1872, 19, 208
1873, 0, 208
1874, 18, 208
1875, 0, 208
1876, 0, 208
1877, 0, 208
1878, 21, 208
1879, 10, 208
1880, 3, 208
1881, 3, 208
1882, 0, 208
1883, 18, 208
1884, 0, 208
1885, 0, 208
1886, 3, 208
1887, 0, 208
1888, 11, 208
1889, 0, 208
1890, 0, 208
1891, 0, 208
1892, 6, 208
1893, 3, 208
1894, 8, 208
1895, 0, 208
1896, 7, 208
1897, 0, 208
1898, 30, 208
1899, 0, 208
1900, 6, 208
1901, 0, 208
1902, 17, 208
1903, 6, 208
1904, 0, 208
1905, 0, 208
1906, 4, 208
1907, 18, 208
1908, 19, 208
1909, 0, 208
1910, 10, 208
1911, 0, 208
1912, 3, 208
1913, 0, 208
1914, 0, 208
1915, 9, 208
1916, 0, 208
1917, 0, 208
1918, 0, 208
1919, 0, 208
1920, 6, 208
1921, 19, 208
1922, 0, 208
1923, 5, 208
1924, 0, 208
1925, 4, 208
1926, 0, 208
1927, 17, 208
1928, 5, 208
1929, 26, 208
1930, 30, 208
1931, 0, 208
1932, 9, 208
1933, 6, 208
1934, 0, 208
1935, 0, 208
1936, 0, 208
1937, 17, 208
1938, 0, 208
1939, 0, 208
1940, 2, 208
1941, 0, 208
1942, 0, 208
1943, 6, 208
1944, 12, 208
1945, 0, 208
1946, 0, 208
1947, 10, 208
1948, 6, 208
1949, 0, 208
1950, 5, 208
1951, 0, 208
1952, 9, 208
1953, 3, 208
1954, 18, 208
1955, 0, 208
1956, 13, 208
1957, 0, 208
1958, 9, 208
1959, 0, 208
1960, 0, 208
1961, 11, 208
1962, 8, 208
1963, 31, 208
1964, 5, 208
1965, 0, 208
1966, 7, 208
1967, 0, 208
1968, 5, 208
1969, 6, 208
1970, 2, 208
1971, 0, 208
1972, 2, 208
1973, 0, 208
1974, 0, 208
1975, 3, 208
1976, 0, 208
1977, 38, 208
1978, 4, 208
1979, 7, 208
1980, 3, 208
1981, 13, 208
1982, 0, 208
1983, 44, 208
1984, 0, 208
1985, 0, 208
1986, 0, 208
1987, 0, 208
1988, 0, 208
1989, 14, 208
1990, 25, 208
1991, 9, 208
1992, 4, 208
1993, 5, 208
1994, 0, 208
1995, 0, 208
1996, 10, 208
1997, 0, 208
1998, 2, 208
1999, 0, 208
2000, 0, 208
2001, 19, 208
2002, 0, 208
2003, 3, 208
2004, 0, 208
2005, 0, 208
2006, 3, 208
2007, 12, 208
2008, 27, 208
2009, 0, 208
2010, 5, 208
2011, 0, 208
2012, 8, 208
2013, 11, 208
2014, 12, 208
2015, 8, 208
2016, 0, 208
2017, 9, 208
2018, 13, 208
2019, 0, 208
2020, 15, 208
2021, 0, 208
2022, 29, 208
2023, 7, 208
2024, 8, 208
2025, 19, 208
2026, 0, 208
2027, 0, 208
2028, 3, 208
2029, 0, 208
2030, 3, 208
