The training of SARSA | alpha = 0.5 | gamma = 0.9
1, 0, 0
2, 0, 0
3, 0, 0
4, 0, 0
5, 0, 0
6, 0, 0
7, 0, 0
8, 0, 0
9, 0, 0
10, 0, 0
11, 0, 0
12, 0, 0
13, 0, 0
14, 0, 0
15, 0, 0
16, 0, 0
17, 0, 0
18, 1, 1
19, 0, 1
20, 0, 1
21, 0, 1
22, 0, 1
23, 1, 1
24, 1, 1
25, 0, 1
26, 1, 1
27, 0, 1
28, 0, 1
29, 0, 1
30, 0, 1
31, 0, 1
32, 1, 1
33, 0, 1
34, 3, 3
35, 0, 3
36, 1, 3
37, 0, 3
38, 0, 3
39, 0, 3
40, 0, 3
41, 0, 3
42, 0, 3
43, 1, 3
44, 0, 3
45, 0, 3
46, 0, 3
47, 0, 3
48, 0, 3
49, 0, 3
50, 0, 3
51, 1, 3
52, 0, 3
53, 0, 3
54, 0, 3
55, 0, 3
56, 0, 3
57, 0, 3
58, 1, 3
59, 0, 3
60, 1, 3
61, 0, 3
62, 1, 3
63, 0, 3
64, 1, 3
65, 0, 3
66, 0, 3
67, 1, 3
68, 1, 3
69, 0, 3
70, 0, 3
71, 1, 3
72, 0, 3
73, 2, 3
74, 0, 3
75, 0, 3
76, 1, 3
77, 0, 3
78, 0, 3
79, 0, 3
80, 0, 3
81, 1, 3
82, 1, 3
83, 1, 3
84, 0, 3
85, 0, 3
86, 0, 3
87, 0, 3
88, 0, 3
89, 1, 3
90, 1, 3
91, 1, 3
92, 1, 3
93, 0, 3
94, 0, 3
95, 2, 3
96, 0, 3
97, 1, 3
98, 3, 3
99, 1, 3
100, 0, 3
101, 2, 3
102, 0, 3
103, 0, 3
104, 1, 3
105, 0, 3
106, 0, 3
107, 1, 3
108, 0, 3
109, 0, 3
110, 1, 3
111, 2, 3
112, 1, 3
113, 3, 3
114, 0, 3
115, 1, 3
116, 1, 3
117, 1, 3
118, 0, 3
119, 1, 3
120, 2, 3
121, 1, 3
122, 0, 3
123, 1, 3
124, 0, 3
125, 0, 3
126, 0, 3
127, 0, 3
128, 0, 3
129, 0, 3
130, 1, 3
131, 0, 3
132, 2, 3
133, 0, 3
134, 0, 3
135, 0, 3
136, 0, 3
137, 0, 3
138, 2, 3
139, 1, 3
140, 0, 3
141, 0, 3
142, 0, 3
143, 0, 3
144, 0, 3
145, 0, 3
146, 0, 3
147, 0, 3
148, 1, 3
149, 0, 3
150, 0, 3
151, 0, 3
152, 1, 3
153, 0, 3
154, 0, 3
155, 0, 3
156, 1, 3
157, 0, 3
158, 0, 3
159, 0, 3
160, 0, 3
161, 0, 3
162, 0, 3
163, 1, 3
164, 0, 3
165, 0, 3
166, 0, 3
167, 1, 3
168, 0, 3
169, 0, 3
170, 1, 3
171, 0, 3
172, 1, 3
173, 2, 3
174, 0, 3
175, 0, 3
176, 0, 3
177, 1, 3
178, 0, 3
179, 0, 3
180, 0, 3
181, 0, 3
182, 0, 3
183, 0, 3
184, 1, 3
185, 0, 3
186, 1, 3
187, 0, 3
188, 1, 3
189, 1, 3
190, 0, 3
191, 0, 3
192, 2, 3
193, 1, 3
194, 0, 3
195, 0, 3
196, 0, 3
197, 0, 3
198, 0, 3
199, 0, 3
200, 0, 3
201, 2, 3
202, 0, 3
203, 0, 3
204, 1, 3
205, 0, 3
206, 0, 3
207, 0, 3
208, 0, 3
209, 0, 3
210, 0, 3
211, 0, 3
212, 1, 3
213, 3, 3
214, 0, 3
215, 0, 3
216, 0, 3
217, 0, 3
218, 1, 3
219, 1, 3
220, 0, 3
221, 1, 3
222, 0, 3
223, 0, 3
224, 0, 3
225, 0, 3
226, 0, 3
227, 0, 3
228, 0, 3
229, 0, 3
230, 2, 3
231, 2, 3
232, 1, 3
233, 1, 3
234, 0, 3
235, 0, 3
236, 2, 3
237, 1, 3
238, 2, 3
239, 0, 3
240, 0, 3
241, 2, 3
242, 0, 3
243, 1, 3
244, 0, 3
245, 1, 3
246, 0, 3
247, 2, 3
248, 0, 3
249, 0, 3
250, 2, 3
251, 2, 3
252, 0, 3
253, 2, 3
254, 3, 3
255, 0, 3
256, 0, 3
257, 0, 3
258, 0, 3
259, 0, 3
260, 0, 3
261, 2, 3
262, 3, 3
263, 0, 3
264, 0, 3
265, 1, 3
266, 2, 3
267, 1, 3
268, 1, 3
269, 0, 3
270, 1, 3
271, 3, 3
272, 0, 3
273, 0, 3
274, 1, 3
275, 0, 3
276, 0, 3
277, 0, 3
278, 0, 3
279, 1, 3
280, 0, 3
281, 0, 3
282, 6, 6
283, 0, 6
284, 3, 6
285, 1, 6
286, 0, 6
287, 0, 6
288, 0, 6
289, 0, 6
290, 4, 6
291, 6, 6
292, 0, 6
293, 2, 6
294, 1, 6
295, 0, 6
296, 2, 6
297, 2, 6
298, 3, 6
299, 2, 6
300, 0, 6
301, 0, 6
302, 0, 6
303, 2, 6
304, 3, 6
305, 3, 6
306, 2, 6
307, 3, 6
308, 0, 6
309, 0, 6
310, 2, 6
311, 0, 6
312, 0, 6
313, 0, 6
314, 0, 6
315, 8, 8
316, 0, 8
317, 0, 8
318, 2, 8
319, 3, 8
320, 4, 8
321, 0, 8
322, 0, 8
323, 0, 8
324, 2, 8
325, 5, 8
326, 0, 8
327, 0, 8
328, 2, 8
329, 2, 8
330, 0, 8
331, 1, 8
332, 0, 8
333, 4, 8
334, 3, 8
335, 4, 8
336, 2, 8
337, 0, 8
338, 0, 8
339, 0, 8
340, 1, 8
341, 2, 8
342, 0, 8
343, 2, 8
344, 0, 8
345, 0, 8
346, 2, 8
347, 2, 8
348, 0, 8
349, 0, 8
350, 0, 8
351, 0, 8
352, 3, 8
353, 1, 8
354, 3, 8
355, 2, 8
356, 1, 8
357, 1, 8
358, 2, 8
359, 2, 8
360, 0, 8
361, 5, 8
362, 0, 8
363, 4, 8
364, 3, 8
365, 0, 8
366, 0, 8
367, 2, 8
368, 0, 8
369, 3, 8
370, 0, 8
371, 4, 8
372, 1, 8
373, 0, 8
374, 1, 8
375, 4, 8
376, 3, 8
377, 2, 8
378, 2, 8
379, 0, 8
380, 0, 8
381, 0, 8
382, 2, 8
383, 0, 8
384, 0, 8
385, 0, 8
386, 0, 8
387, 1, 8
388, 0, 8
389, 1, 8
390, 0, 8
391, 1, 8
392, 0, 8
393, 0, 8
394, 3, 8
395, 1, 8
396, 2, 8
397, 0, 8
398, 1, 8
399, 2, 8
400, 1, 8
401, 0, 8
402, 2, 8
403, 1, 8
404, 2, 8
405, 0, 8
406, 2, 8
407, 2, 8
408, 3, 8
409, 2, 8
410, 2, 8
411, 2, 8
412, 3, 8
413, 1, 8
414, 1, 8
415, 3, 8
416, 0, 8
417, 1, 8
418, 3, 8
419, 0, 8
420, 1, 8
421, 4, 8
422, 0, 8
423, 0, 8
424, 0, 8
425, 3, 8
426, 6, 8
427, 1, 8
428, 1, 8
429, 0, 8
430, 1, 8
431, 0, 8
432, 2, 8
433, 2, 8
434, 2, 8
435, 1, 8
436, 3, 8
437, 0, 8
438, 0, 8
439, 2, 8
440, 2, 8
441, 0, 8
442, 0, 8
443, 2, 8
444, 2, 8
445, 0, 8
446, 0, 8
447, 2, 8
448, 0, 8
449, 0, 8
450, 0, 8
451, 1, 8
452, 0, 8
453, 2, 8
454, 4, 8
455, 1, 8
456, 0, 8
457, 0, 8
458, 3, 8
459, 1, 8
460, 0, 8
461, 1, 8
462, 1, 8
463, 2, 8
464, 0, 8
465, 0, 8
466, 3, 8
467, 0, 8
468, 2, 8
469, 0, 8
470, 0, 8
471, 1, 8
472, 0, 8
473, 3, 8
474, 3, 8
475, 5, 8
476, 5, 8
477, 2, 8
478, 0, 8
479, 3, 8
480, 0, 8
481, 1, 8
482, 1, 8
483, 0, 8
484, 3, 8
485, 0, 8
486, 2, 8
487, 0, 8
488, 4, 8
489, 4, 8
490, 2, 8
491, 0, 8
492, 3, 8
493, 0, 8
494, 2, 8
495, 1, 8
496, 1, 8
497, 2, 8
498, 1, 8
499, 4, 8
500, 1, 8
501, 4, 8
502, 1, 8
503, 3, 8
504, 0, 8
505, 0, 8
506, 5, 8
507, 1, 8
508, 1, 8
509, 0, 8
510, 0, 8
511, 0, 8
512, 1, 8
513, 1, 8
514, 5, 8
515, 0, 8
516, 2, 8
517, 0, 8
518, 0, 8
519, 0, 8
520, 3, 8
521, 0, 8
522, 2, 8
523, 0, 8
524, 2, 8
525, 0, 8
526, 0, 8
527, 2, 8
528, 2, 8
529, 0, 8
530, 0, 8
531, 0, 8
532, 0, 8
533, 2, 8
534, 3, 8
535, 2, 8
536, 3, 8
537, 1, 8
538, 4, 8
539, 0, 8
540, 1, 8
541, 3, 8
542, 0, 8
543, 2, 8
544, 0, 8
545, 3, 8
546, 2, 8
547, 2, 8
548, 0, 8
549, 0, 8
550, 0, 8
551, 4, 8
552, 0, 8
553, 0, 8
554, 0, 8
555, 3, 8
556, 1, 8
557, 1, 8
558, 1, 8
559, 2, 8
560, 4, 8
561, 3, 8
562, 0, 8
563, 0, 8
564, 0, 8
565, 1, 8
566, 0, 8
567, 2, 8
568, 0, 8
569, 5, 8
570, 0, 8
571, 5, 8
572, 0, 8
573, 3, 8
574, 4, 8
575, 3, 8
576, 0, 8
577, 3, 8
578, 2, 8
579, 2, 8
580, 0, 8
581, 3, 8
582, 2, 8
583, 0, 8
584, 2, 8
585, 0, 8
586, 0, 8
587, 3, 8
588, 0, 8
589, 0, 8
590, 4, 8
591, 0, 8
592, 0, 8
593, 3, 8
594, 2, 8
595, 0, 8
596, 4, 8
597, 0, 8
598, 0, 8
599, 3, 8
600, 2, 8
601, 1, 8
602, 2, 8
603, 2, 8
604, 0, 8
605, 2, 8
606, 0, 8
607, 0, 8
608, 9, 9
609, 2, 9
610, 4, 9
611, 0, 9
612, 1, 9
613, 0, 9
614, 2, 9
615, 0, 9
616, 1, 9
617, 1, 9
618, 5, 9
619, 4, 9
620, 5, 9
621, 3, 9
622, 1, 9
623, 0, 9
624, 3, 9
625, 3, 9
626, 5, 9
627, 2, 9
628, 3, 9
629, 1, 9
630, 3, 9
631, 0, 9
632, 0, 9
633, 9, 9
634, 3, 9
635, 2, 9
636, 3, 9
637, 3, 9
638, 1, 9
639, 0, 9
640, 2, 9
641, 5, 9
642, 3, 9
643, 0, 9
644, 2, 9
645, 2, 9
646, 0, 9
647, 0, 9
648, 3, 9
649, 0, 9
650, 1, 9
651, 2, 9
652, 1, 9
653, 3, 9
654, 2, 9
655, 0, 9
656, 2, 9
657, 3, 9
658, 6, 9
659, 0, 9
660, 0, 9
661, 0, 9
662, 0, 9
663, 0, 9
664, 0, 9
665, 0, 9
666, 9, 9
667, 2, 9
668, 4, 9
669, 6, 9
670, 1, 9
671, 0, 9
672, 7, 9
673, 4, 9
674, 2, 9
675, 0, 9
676, 9, 9
677, 0, 9
678, 0, 9
679, 0, 9
680, 8, 9
681, 3, 9
682, 8, 9
683, 1, 9
684, 0, 9
685, 4, 9
686, 2, 9
687, 0, 9
688, 1, 9
689, 0, 9
690, 5, 9
691, 4, 9
692, 7, 9
693, 2, 9
694, 1, 9
695, 0, 9
696, 4, 9
697, 4, 9
698, 4, 9
699, 5, 9
700, 3, 9
701, 1, 9
702, 3, 9
703, 0, 9
704, 0, 9
705, 1, 9
706, 1, 9
707, 3, 9
708, 1, 9
709, 3, 9
710, 0, 9
711, 4, 9
712, 1, 9
713, 2, 9
714, 4, 9
715, 0, 9
716, 2, 9
717, 15, 15
718, 3, 15
719, 4, 15
720, 3, 15
721, 2, 15
722, 0, 15
723, 0, 15
724, 2, 15
725, 2, 15
726, 6, 15
727, 8, 15
728, 9, 15
729, 2, 15
730, 10, 15
731, 4, 15
732, 4, 15
733, 6, 15
734, 6, 15
735, 2, 15
736, 8, 15
737, 2, 15
738, 1, 15
739, 1, 15
740, 3, 15
741, 8, 15
742, 1, 15
743, 4, 15
744, 1, 15
745, 1, 15
746, 3, 15
747, 3, 15
748, 1, 15
749, 1, 15
750, 2, 15
751, 0, 15
752, 0, 15
753, 3, 15
754, 1, 15
755, 1, 15
756, 4, 15
757, 1, 15
758, 0, 15
759, 3, 15
760, 3, 15
761, 0, 15
762, 5, 15
763, 0, 15
764, 1, 15
765, 2, 15
766, 0, 15
767, 5, 15
768, 1, 15
769, 7, 15
770, 4, 15
771, 0, 15
772, 2, 15
773, 3, 15
774, 1, 15
775, 2, 15
776, 2, 15
777, 2, 15
778, 3, 15
779, 1, 15
780, 4, 15
781, 7, 15
782, 0, 15
783, 2, 15
784, 1, 15
785, 2, 15
786, 6, 15
787, 4, 15
788, 4, 15
789, 1, 15
790, 2, 15
791, 7, 15
792, 3, 15
793, 0, 15
794, 2, 15
795, 4, 15
796, 4, 15
797, 4, 15
798, 1, 15
799, 0, 15
800, 3, 15
801, 0, 15
802, 2, 15
803, 1, 15
804, 2, 15
805, 3, 15
806, 2, 15
807, 0, 15
808, 2, 15
809, 1, 15
810, 1, 15
811, 3, 15
812, 3, 15
813, 1, 15
814, 7, 15
815, 1, 15
816, 4, 15
817, 4, 15
818, 3, 15
819, 3, 15
820, 4, 15
821, 4, 15
822, 4, 15
823, 2, 15
824, 3, 15
825, 2, 15
826, 2, 15
827, 3, 15
828, 1, 15
829, 3, 15
830, 2, 15
831, 3, 15
832, 2, 15
833, 1, 15
834, 3, 15
835, 0, 15
836, 0, 15
837, 3, 15
838, 1, 15
839, 1, 15
840, 5, 15
841, 1, 15
842, 2, 15
843, 0, 15
844, 7, 15
845, 0, 15
846, 4, 15
847, 1, 15
848, 2, 15
849, 4, 15
850, 0, 15
851, 0, 15
852, 1, 15
853, 0, 15
854, 3, 15
855, 2, 15
856, 0, 15
857, 5, 15
858, 2, 15
859, 1, 15
860, 3, 15
861, 2, 15
862, 4, 15
863, 2, 15
864, 2, 15
865, 1, 15
866, 0, 15
867, 0, 15
868, 12, 15
869, 1, 15
870, 2, 15
871, 3, 15
872, 0, 15
873, 0, 15
874, 0, 15
875, 1, 15
876, 2, 15
877, 0, 15
878, 3, 15
879, 2, 15
880, 4, 15
881, 0, 15
882, 3, 15
883, 2, 15
884, 7, 15
885, 0, 15
886, 2, 15
887, 0, 15
888, 3, 15
889, 0, 15
890, 5, 15
891, 9, 15
892, 3, 15
893, 2, 15
894, 2, 15
895, 11, 15
896, 1, 15
897, 6, 15
898, 4, 15
899, 10, 15
900, 1, 15
901, 1, 15
902, 2, 15
903, 0, 15
904, 0, 15
905, 3, 15
906, 0, 15
907, 2, 15
908, 2, 15
909, 0, 15
910, 11, 15
911, 0, 15
912, 7, 15
913, 3, 15
914, 5, 15
915, 1, 15
916, 0, 15
917, 2, 15
918, 2, 15
919, 2, 15
920, 1, 15
921, 2, 15
922, 1, 15
923, 3, 15
924, 0, 15
925, 2, 15
926, 0, 15
927, 2, 15
928, 2, 15
929, 3, 15
930, 6, 15
931, 1, 15
932, 4, 15
933, 0, 15
934, 5, 15
935, 2, 15
936, 0, 15
937, 5, 15
938, 0, 15
939, 4, 15
940, 6, 15
941, 0, 15
942, 6, 15
943, 1, 15
944, 1, 15
945, 3, 15
946, 9, 15
947, 8, 15
948, 2, 15
949, 7, 15
950, 5, 15
951, 8, 15
952, 3, 15
953, 3, 15
954, 11, 15
955, 0, 15
956, 0, 15
957, 2, 15
958, 3, 15
959, 7, 15
960, 8, 15
961, 0, 15
962, 0, 15
963, 5, 15
964, 7, 15
965, 4, 15
966, 0, 15
967, 0, 15
968, 4, 15
969, 6, 15
970, 5, 15
971, 7, 15
972, 1, 15
973, 0, 15
974, 6, 15
975, 1, 15
976, 6, 15
977, 6, 15
978, 2, 15
979, 0, 15
980, 0, 15
981, 0, 15
982, 0, 15
983, 4, 15
984, 6, 15
985, 5, 15
986, 4, 15
987, 3, 15
988, 8, 15
989, 6, 15
990, 4, 15
991, 7, 15
992, 2, 15
993, 2, 15
994, 0, 15
995, 0, 15
996, 4, 15
997, 2, 15
998, 5, 15
999, 8, 15
1000, 3, 15
1001, 0, 15
1002, 4, 15
1003, 2, 15
1004, 2, 15
1005, 1, 15
1006, 1, 15
1007, 3, 15
1008, 1, 15
1009, 4, 15
1010, 13, 15
1011, 3, 15
1012, 2, 15
1013, 5, 15
1014, 4, 15
1015, 3, 15
1016, 6, 15
1017, 5, 15
1018, 0, 15
1019, 4, 15
1020, 8, 15
1021, 5, 15
1022, 2, 15
1023, 1, 15
1024, 1, 15
1025, 3, 15
1026, 8, 15
1027, 4, 15
1028, 4, 15
1029, 0, 15
1030, 4, 15
1031, 5, 15
1032, 11, 15
1033, 4, 15
1034, 0, 15
1035, 5, 15
1036, 5, 15
1037, 0, 15
1038, 2, 15
1039, 6, 15
1040, 11, 15
1041, 3, 15
1042, 2, 15
1043, 12, 15
1044, 3, 15
1045, 1, 15
1046, 7, 15
1047, 4, 15
1048, 4, 15
1049, 0, 15
1050, 0, 15
1051, 2, 15
1052, 2, 15
1053, 3, 15
1054, 4, 15
1055, 5, 15
1056, 0, 15
1057, 5, 15
1058, 2, 15
1059, 1, 15
1060, 0, 15
1061, 4, 15
1062, 2, 15
1063, 4, 15
1064, 2, 15
1065, 3, 15
1066, 4, 15
1067, 5, 15
1068, 6, 15
1069, 0, 15
1070, 9, 15
1071, 3, 15
1072, 0, 15
1073, 2, 15
1074, 3, 15
1075, 6, 15
1076, 1, 15
1077, 2, 15
1078, 7, 15
1079, 11, 15
1080, 3, 15
1081, 3, 15
1082, 8, 15
1083, 1, 15
1084, 1, 15
1085, 3, 15
1086, 6, 15
1087, 3, 15
1088, 0, 15
1089, 1, 15
1090, 3, 15
1091, 5, 15
1092, 5, 15
1093, 3, 15
1094, 2, 15
1095, 0, 15
1096, 1, 15
1097, 6, 15
1098, 3, 15
1099, 0, 15
1100, 3, 15
1101, 0, 15
1102, 2, 15
1103, 0, 15
1104, 1, 15
1105, 2, 15
1106, 6, 15
1107, 1, 15
1108, 3, 15
1109, 0, 15
1110, 2, 15
1111, 2, 15
1112, 8, 15
1113, 8, 15
1114, 8, 15
1115, 6, 15
1116, 15, 15
1117, 1, 15
1118, 2, 15
1119, 5, 15
1120, 4, 15
1121, 4, 15
1122, 2, 15
1123, 3, 15
1124, 4, 15
1125, 3, 15
1126, 6, 15
1127, 12, 15
1128, 3, 15
1129, 4, 15
1130, 3, 15
1131, 5, 15
1132, 3, 15
1133, 1, 15
1134, 1, 15
1135, 7, 15
1136, 3, 15
1137, 0, 15
1138, 3, 15
1139, 6, 15
1140, 3, 15
1141, 8, 15
1142, 2, 15
1143, 2, 15
1144, 11, 15
1145, 3, 15
1146, 2, 15
1147, 23, 23
1148, 3, 23
1149, 1, 23
1150, 0, 23
1151, 5, 23
1152, 1, 23
1153, 1, 23
1154, 5, 23
1155, 0, 23
1156, 1, 23
1157, 13, 23
1158, 0, 23
1159, 4, 23
1160, 2, 23
1161, 2, 23
1162, 4, 23
1163, 7, 23
1164, 6, 23
1165, 3, 23
1166, 2, 23
1167, 2, 23
1168, 2, 23
1169, 2, 23
1170, 4, 23
1171, 6, 23
1172, 3, 23
1173, 0, 23
1174, 2, 23
1175, 1, 23
1176, 9, 23
1177, 7, 23
1178, 0, 23
1179, 3, 23
1180, 2, 23
1181, 1, 23
1182, 4, 23
1183, 1, 23
1184, 4, 23
1185, 3, 23
1186, 2, 23
1187, 2, 23
1188, 3, 23
1189, 5, 23
1190, 1, 23
1191, 2, 23
1192, 0, 23
1193, 2, 23
1194, 0, 23
1195, 0, 23
1196, 2, 23
1197, 1, 23
1198, 2, 23
1199, 4, 23
1200, 12, 23
1201, 3, 23
1202, 2, 23
1203, 3, 23
1204, 2, 23
1205, 5, 23
1206, 6, 23
1207, 8, 23
1208, 10, 23
1209, 2, 23
1210, 0, 23
1211, 2, 23
1212, 2, 23
1213, 5, 23
1214, 5, 23
1215, 3, 23
1216, 4, 23
1217, 0, 23
1218, 1, 23
1219, 2, 23
1220, 1, 23
1221, 3, 23
1222, 3, 23
1223, 8, 23
1224, 3, 23
1225, 3, 23
1226, 3, 23
1227, 2, 23
1228, 1, 23
1229, 5, 23
1230, 11, 23
1231, 3, 23
1232, 7, 23
1233, 2, 23
1234, 1, 23
1235, 1, 23
1236, 4, 23
1237, 3, 23
1238, 3, 23
1239, 2, 23
1240, 4, 23
1241, 8, 23
1242, 1, 23
1243, 5, 23
1244, 2, 23
1245, 0, 23
1246, 2, 23
1247, 3, 23
1248, 4, 23
1249, 2, 23
1250, 2, 23
1251, 3, 23
1252, 4, 23
1253, 5, 23
1254, 1, 23
1255, 0, 23
1256, 0, 23
1257, 4, 23
1258, 7, 23
1259, 7, 23
1260, 3, 23
1261, 3, 23
1262, 0, 23
1263, 2, 23
1264, 7, 23
1265, 3, 23
1266, 2, 23
1267, 5, 23
1268, 11, 23
1269, 9, 23
1270, 0, 23
1271, 4, 23
1272, 1, 23
1273, 11, 23
1274, 4, 23
1275, 0, 23
1276, 1, 23
1277, 0, 23
1278, 0, 23
1279, 0, 23
1280, 2, 23
1281, 11, 23
1282, 1, 23
1283, 1, 23
1284, 1, 23
1285, 3, 23
1286, 2, 23
1287, 2, 23
1288, 3, 23
1289, 3, 23
1290, 0, 23
1291, 1, 23
1292, 4, 23
1293, 4, 23
1294, 4, 23
1295, 5, 23
1296, 2, 23
1297, 2, 23
1298, 5, 23
1299, 5, 23
1300, 5, 23
1301, 2, 23
1302, 1, 23
1303, 3, 23
1304, 9, 23
1305, 5, 23
1306, 0, 23
1307, 2, 23
1308, 3, 23
1309, 1, 23
1310, 2, 23
1311, 3, 23
1312, 5, 23
1313, 12, 23
1314, 4, 23
1315, 2, 23
1316, 4, 23
1317, 0, 23
1318, 6, 23
1319, 9, 23
1320, 3, 23
1321, 3, 23
1322, 6, 23
1323, 3, 23
1324, 2, 23
1325, 2, 23
1326, 2, 23
1327, 5, 23
1328, 0, 23
1329, 2, 23
1330, 4, 23
1331, 1, 23
1332, 0, 23
1333, 5, 23
1334, 1, 23
1335, 5, 23
1336, 2, 23
1337, 2, 23
1338, 0, 23
1339, 5, 23
1340, 3, 23
1341, 4, 23
1342, 7, 23
1343, 3, 23
1344, 11, 23
1345, 5, 23
1346, 3, 23
1347, 2, 23
1348, 5, 23
1349, 2, 23
1350, 5, 23
1351, 0, 23
1352, 0, 23
1353, 6, 23
1354, 13, 23
1355, 4, 23
1356, 4, 23
1357, 2, 23
1358, 2, 23
1359, 1, 23
1360, 6, 23
1361, 16, 23
1362, 0, 23
1363, 4, 23
1364, 0, 23
1365, 3, 23
1366, 3, 23
1367, 8, 23
1368, 0, 23
1369, 6, 23
1370, 0, 23
1371, 2, 23
1372, 9, 23
1373, 0, 23
1374, 4, 23
1375, 6, 23
1376, 2, 23
1377, 0, 23
1378, 11, 23
1379, 5, 23
1380, 9, 23
1381, 2, 23
1382, 6, 23
1383, 7, 23
1384, 2, 23
1385, 0, 23
1386, 6, 23
1387, 1, 23
1388, 3, 23
1389, 9, 23
1390, 2, 23
1391, 4, 23
1392, 5, 23
1393, 0, 23
1394, 1, 23
1395, 2, 23
1396, 7, 23
1397, 6, 23
1398, 0, 23
1399, 0, 23
1400, 9, 23
1401, 8, 23
1402, 3, 23
1403, 4, 23
1404, 0, 23
1405, 5, 23
1406, 2, 23
1407, 2, 23
1408, 7, 23
1409, 1, 23
1410, 2, 23
1411, 2, 23
1412, 13, 23
1413, 5, 23
1414, 9, 23
1415, 0, 23
1416, 2, 23
1417, 0, 23
1418, 5, 23
1419, 1, 23
1420, 0, 23
1421, 5, 23
1422, 7, 23
1423, 0, 23
1424, 1, 23
1425, 0, 23
1426, 3, 23
1427, 3, 23
1428, 8, 23
1429, 9, 23
1430, 11, 23
1431, 4, 23
1432, 10, 23
1433, 2, 23
1434, 5, 23
1435, 0, 23
1436, 1, 23
1437, 3, 23
1438, 5, 23
1439, 4, 23
1440, 4, 23
1441, 6, 23
1442, 7, 23
1443, 4, 23
1444, 4, 23
1445, 0, 23
1446, 0, 23
1447, 2, 23
1448, 6, 23
1449, 15, 23
1450, 1, 23
1451, 2, 23
1452, 4, 23
1453, 1, 23
1454, 0, 23
1455, 31, 31
1456, 7, 31
1457, 1, 31
1458, 11, 31
1459, 0, 31
1460, 2, 31
1461, 6, 31
1462, 3, 31
1463, 4, 31
1464, 7, 31
1465, 3, 31
1466, 3, 31
1467, 1, 31
1468, 27, 31
1469, 6, 31
1470, 3, 31
1471, 0, 31
1472, 3, 31
1473, 4, 31
1474, 3, 31
1475, 6, 31
1476, 5, 31
1477, 28, 31
1478, 4, 31
1479, 7, 31
1480, 4, 31
1481, 0, 31
1482, 7, 31
1483, 2, 31
1484, 1, 31
1485, 4, 31
1486, 8, 31
1487, 4, 31
1488, 1, 31
1489, 6, 31
1490, 0, 31
1491, 4, 31
1492, 6, 31
1493, 1, 31
1494, 0, 31
1495, 4, 31
1496, 10, 31
1497, 0, 31
1498, 0, 31
1499, 4, 31
1500, 7, 31
1501, 0, 31
1502, 8, 31
1503, 4, 31
1504, 1, 31
1505, 0, 31
1506, 2, 31
1507, 5, 31
1508, 2, 31
1509, 0, 31
1510, 2, 31
1511, 7, 31
1512, 5, 31
1513, 0, 31
1514, 5, 31
1515, 3, 31
1516, 3, 31
1517, 1, 31
1518, 0, 31
1519, 0, 31
1520, 11, 31
1521, 10, 31
1522, 4, 31
1523, 1, 31
1524, 9, 31
1525, 6, 31
1526, 5, 31
1527, 4, 31
1528, 6, 31
1529, 11, 31
1530, 4, 31
1531, 1, 31
1532, 2, 31
1533, 9, 31
1534, 5, 31
1535, 40, 40
1536, 5, 40
1537, 11, 40
1538, 0, 40
1539, 5, 40
1540, 0, 40
1541, 4, 40
1542, 3, 40
1543, 15, 40
1544, 1, 40
1545, 3, 40
1546, 0, 40
1547, 2, 40
1548, 7, 40
1549, 0, 40
1550, 3, 40
1551, 15, 40
1552, 0, 40
1553, 8, 40
1554, 0, 40
1555, 0, 40
1556, 13, 40
1557, 3, 40
1558, 8, 40
1559, 3, 40
1560, 7, 40
1561, 3, 40
1562, 1, 40
1563, 1, 40
1564, 24, 40
1565, 0, 40
1566, 0, 40
1567, 8, 40
1568, 5, 40
1569, 9, 40
1570, 7, 40
1571, 17, 40
1572, 2, 40
1573, 5, 40
1574, 5, 40
1575, 5, 40
1576, 0, 40
1577, 1, 40
1578, 2, 40
1579, 5, 40
1580, 4, 40
1581, 7, 40
1582, 1, 40
1583, 6, 40
1584, 3, 40
1585, 5, 40
1586, 6, 40
1587, 0, 40
1588, 15, 40
1589, 6, 40
1590, 8, 40
1591, 4, 40
1592, 8, 40
1593, 2, 40
1594, 24, 40
1595, 4, 40
1596, 2, 40
1597, 0, 40
1598, 0, 40
1599, 6, 40
1600, 0, 40
1601, 2, 40
1602, 4, 40
1603, 2, 40
1604, 0, 40
1605, 6, 40
1606, 3, 40
1607, 12, 40
1608, 0, 40
1609, 11, 40
1610, 3, 40
1611, 7, 40
1612, 3, 40
1613, 20, 40
1614, 5, 40
1615, 2, 40
1616, 31, 40
1617, 13, 40
1618, 2, 40
1619, 3, 40
1620, 15, 40
1621, 1, 40
1622, 5, 40
1623, 17, 40
1624, 0, 40
1625, 1, 40
1626, 8, 40
1627, 2, 40
1628, 4, 40
1629, 11, 40
1630, 2, 40
1631, 5, 40
1632, 15, 40
1633, 1, 40
1634, 5, 40
1635, 14, 40
1636, 10, 40
1637, 3, 40
1638, 2, 40
1639, 0, 40
1640, 23, 40
1641, 2, 40
1642, 3, 40
1643, 4, 40
1644, 17, 40
1645, 0, 40
1646, 4, 40
1647, 23, 40
1648, 2, 40
1649, 1, 40
1650, 2, 40
1651, 1, 40
1652, 25, 40
1653, 7, 40
1654, 4, 40
1655, 22, 40
1656, 5, 40
1657, 8, 40
1658, 1, 40
1659, 3, 40
1660, 5, 40
1661, 8, 40
1662, 0, 40
1663, 6, 40
1664, 2, 40
1665, 0, 40
1666, 3, 40
1667, 4, 40
1668, 4, 40
1669, 4, 40
1670, 2, 40
1671, 2, 40
1672, 3, 40
1673, 4, 40
1674, 3, 40
1675, 4, 40
1676, 7, 40
1677, 5, 40
1678, 6, 40
1679, 7, 40
1680, 4, 40
1681, 20, 40
1682, 10, 40
1683, 11, 40
1684, 4, 40
1685, 5, 40
1686, 4, 40
1687, 5, 40
1688, 0, 40
1689, 3, 40
1690, 5, 40
1691, 0, 40
1692, 8, 40
1693, 2, 40
1694, 11, 40
1695, 7, 40
1696, 0, 40
1697, 1, 40
1698, 1, 40
1699, 3, 40
1700, 10, 40
1701, 4, 40
1702, 4, 40
1703, 14, 40
1704, 7, 40
1705, 1, 40
1706, 0, 40
1707, 5, 40
1708, 1, 40
1709, 2, 40
1710, 0, 40
1711, 4, 40
1712, 1, 40
1713, 1, 40
1714, 3, 40
1715, 3, 40
1716, 9, 40
1717, 4, 40
1718, 15, 40
1719, 4, 40
1720, 4, 40
1721, 1, 40
1722, 1, 40
1723, 2, 40
1724, 4, 40
1725, 1, 40
1726, 8, 40
1727, 10, 40
1728, 3, 40
1729, 11, 40
1730, 8, 40
1731, 10, 40
1732, 5, 40
1733, 2, 40
1734, 3, 40
1735, 6, 40
1736, 0, 40
1737, 2, 40
1738, 3, 40
1739, 3, 40
1740, 9, 40
1741, 6, 40
1742, 8, 40
1743, 2, 40
1744, 4, 40
1745, 4, 40
1746, 17, 40
1747, 14, 40
1748, 0, 40
1749, 4, 40
1750, 3, 40
1751, 4, 40
1752, 2, 40
1753, 2, 40
1754, 1, 40
1755, 9, 40
1756, 5, 40
1757, 8, 40
1758, 7, 40
1759, 14, 40
1760, 2, 40
1761, 1, 40
1762, 5, 40
1763, 1, 40
1764, 15, 40
1765, 1, 40
1766, 7, 40
1767, 3, 40
1768, 7, 40
1769, 3, 40
1770, 3, 40
1771, 1, 40
1772, 1, 40
1773, 3, 40
1774, 7, 40
1775, 4, 40
1776, 2, 40
1777, 0, 40
1778, 5, 40
1779, 1, 40
1780, 3, 40
1781, 4, 40
1782, 9, 40
1783, 0, 40
1784, 1, 40
1785, 5, 40
1786, 0, 40
1787, 4, 40
1788, 0, 40
1789, 2, 40
1790, 0, 40
1791, 7, 40
1792, 26, 40
1793, 4, 40
1794, 6, 40
1795, 4, 40
1796, 2, 40
1797, 5, 40
1798, 4, 40
1799, 6, 40
1800, 5, 40
1801, 9, 40
1802, 6, 40
1803, 1, 40
1804, 2, 40
1805, 5, 40
1806, 19, 40
1807, 3, 40
1808, 0, 40
1809, 3, 40
1810, 6, 40
1811, 2, 40
1812, 12, 40
1813, 6, 40
1814, 0, 40
1815, 6, 40
1816, 2, 40
1817, 6, 40
1818, 4, 40
1819, 1, 40
1820, 6, 40
1821, 2, 40
1822, 8, 40
1823, 8, 40
1824, 2, 40
1825, 6, 40
1826, 1, 40
1827, 2, 40
1828, 15, 40
1829, 1, 40
1830, 5, 40
1831, 0, 40
1832, 3, 40
1833, 3, 40
1834, 1, 40
1835, 4, 40
1836, 3, 40
1837, 0, 40
1838, 12, 40
1839, 2, 40
1840, 11, 40
1841, 3, 40
1842, 1, 40
1843, 8, 40
1844, 10, 40
1845, 19, 40
1846, 6, 40
1847, 2, 40
1848, 1, 40
1849, 6, 40
1850, 2, 40
1851, 8, 40
1852, 5, 40
1853, 1, 40
1854, 12, 40
1855, 13, 40
1856, 7, 40
1857, 2, 40
1858, 10, 40
1859, 3, 40
1860, 7, 40
1861, 14, 40
1862, 7, 40
1863, 1, 40
1864, 1, 40
1865, 11, 40
1866, 6, 40
1867, 0, 40
1868, 4, 40
1869, 6, 40
1870, 13, 40
1871, 2, 40
1872, 1, 40
1873, 11, 40
1874, 1, 40
1875, 6, 40
1876, 1, 40
1877, 8, 40
1878, 5, 40
1879, 1, 40
1880, 6, 40
1881, 11, 40
1882, 1, 40
1883, 11, 40
1884, 0, 40
1885, 7, 40
1886, 7, 40
1887, 5, 40
1888, 3, 40
1889, 5, 40
1890, 10, 40
1891, 7, 40
1892, 20, 40
1893, 16, 40
1894, 1, 40
1895, 2, 40
1896, 4, 40
1897, 4, 40
1898, 2, 40
1899, 6, 40
1900, 2, 40
1901, 2, 40
1902, 7, 40
1903, 2, 40
1904, 24, 40
1905, 6, 40
1906, 3, 40
1907, 5, 40
1908, 0, 40
1909, 1, 40
1910, 31, 40
1911, 0, 40
1912, 16, 40
1913, 31, 40
1914, 3, 40
1915, 3, 40
1916, 1, 40
1917, 21, 40
1918, 0, 40
1919, 19, 40
1920, 4, 40
1921, 4, 40
1922, 1, 40
1923, 1, 40
1924, 3, 40
1925, 6, 40
1926, 7, 40
1927, 6, 40
1928, 7, 40
1929, 3, 40
1930, 25, 40
1931, 4, 40
1932, 5, 40
1933, 6, 40
1934, 3, 40
1935, 4, 40
1936, 6, 40
1937, 0, 40
1938, 11, 40
1939, 18, 40
1940, 0, 40
1941, 1, 40
1942, 3, 40
1943, 7, 40
1944, 11, 40
1945, 10, 40
1946, 2, 40
1947, 10, 40
1948, 9, 40
1949, 2, 40
1950, 0, 40
1951, 6, 40
1952, 1, 40
1953, 17, 40
1954, 7, 40
1955, 5, 40
1956, 12, 40
1957, 15, 40
1958, 5, 40
1959, 0, 40
1960, 12, 40
1961, 9, 40
1962, 0, 40
1963, 8, 40
1964, 18, 40
1965, 4, 40
1966, 1, 40
1967, 12, 40
1968, 4, 40
1969, 6, 40
1970, 2, 40
1971, 6, 40
1972, 13, 40
1973, 9, 40
1974, 5, 40
1975, 0, 40
1976, 5, 40
1977, 8, 40
1978, 10, 40
1979, 3, 40
1980, 0, 40
1981, 10, 40
1982, 17, 40
1983, 1, 40
1984, 4, 40
1985, 8, 40
1986, 2, 40
1987, 2, 40
1988, 8, 40
1989, 3, 40
1990, 3, 40
1991, 1, 40
1992, 11, 40
1993, 0, 40
1994, 2, 40
1995, 4, 40
1996, 7, 40
1997, 16, 40
1998, 3, 40
1999, 0, 40
2000, 0, 40
2001, 0, 40
2002, 5, 40
2003, 2, 40
2004, 6, 40
2005, 0, 40
2006, 2, 40
2007, 6, 40
2008, 0, 40
2009, 14, 40
2010, 23, 40
2011, 4, 40
2012, 2, 40
2013, 2, 40
2014, 3, 40
2015, 4, 40
2016, 4, 40
2017, 3, 40
2018, 4, 40
2019, 11, 40
2020, 3, 40
2021, 7, 40
2022, 5, 40
2023, 0, 40
2024, 9, 40
2025, 12, 40
2026, 2, 40
2027, 11, 40
2028, 2, 40
2029, 5, 40
2030, 0, 40
2031, 13, 40
2032, 3, 40
2033, 18, 40
2034, 5, 40
2035, 16, 40
2036, 6, 40
2037, 0, 40
2038, 3, 40
2039, 0, 40
2040, 1, 40
2041, 3, 40
2042, 2, 40
2043, 0, 40
2044, 3, 40
2045, 3, 40
2046, 5, 40
2047, 3, 40
2048, 2, 40
2049, 10, 40
2050, 0, 40
2051, 5, 40
2052, 10, 40
2053, 1, 40
2054, 3, 40
2055, 0, 40
2056, 3, 40
2057, 0, 40
2058, 15, 40
2059, 3, 40
2060, 0, 40
2061, 0, 40
2062, 7, 40
2063, 4, 40
2064, 12, 40
2065, 12, 40
2066, 7, 40
2067, 3, 40
2068, 1, 40
2069, 16, 40
2070, 0, 40
2071, 4, 40
2072, 7, 40
2073, 3, 40
2074, 1, 40
2075, 2, 40
2076, 2, 40
2077, 2, 40
2078, 15, 40
2079, 1, 40
2080, 0, 40
2081, 13, 40
2082, 9, 40
2083, 4, 40
2084, 1, 40
2085, 2, 40
2086, 6, 40
2087, 0, 40
2088, 0, 40
2089, 9, 40
2090, 4, 40
2091, 2, 40
2092, 7, 40
2093, 1, 40
2094, 8, 40
2095, 3, 40
2096, 0, 40
2097, 14, 40
2098, 14, 40
2099, 3, 40
2100, 1, 40
2101, 6, 40
2102, 1, 40
2103, 2, 40
2104, 4, 40
2105, 2, 40
2106, 9, 40
2107, 3, 40
2108, 2, 40
2109, 3, 40
2110, 2, 40
2111, 4, 40
2112, 1, 40
2113, 1, 40
2114, 9, 40
2115, 4, 40
2116, 6, 40
2117, 2, 40
2118, 0, 40
2119, 0, 40
2120, 14, 40
2121, 13, 40
2122, 6, 40
2123, 4, 40
2124, 0, 40
2125, 5, 40
2126, 2, 40
2127, 5, 40
2128, 2, 40
2129, 2, 40
2130, 19, 40
2131, 2, 40
2132, 9, 40
2133, 0, 40
2134, 2, 40
2135, 4, 40
2136, 5, 40
2137, 2, 40
2138, 11, 40
2139, 4, 40
2140, 2, 40
2141, 8, 40
2142, 5, 40
2143, 3, 40
2144, 3, 40
2145, 6, 40
2146, 1, 40
2147, 4, 40
2148, 2, 40
2149, 5, 40
2150, 2, 40
2151, 1, 40
2152, 0, 40
2153, 0, 40
2154, 5, 40
2155, 1, 40
2156, 8, 40
2157, 0, 40
2158, 13, 40
2159, 1, 40
2160, 6, 40
2161, 3, 40
2162, 0, 40
2163, 3, 40
2164, 1, 40
2165, 2, 40
2166, 4, 40
2167, 7, 40
2168, 1, 40
2169, 7, 40
2170, 4, 40
2171, 15, 40
2172, 3, 40
2173, 12, 40
2174, 1, 40
2175, 2, 40
2176, 2, 40
2177, 15, 40
2178, 10, 40
2179, 9, 40
2180, 3, 40
2181, 6, 40
2182, 1, 40
2183, 0, 40
2184, 4, 40
2185, 10, 40
2186, 0, 40
2187, 2, 40
2188, 9, 40
2189, 14, 40
2190, 2, 40
2191, 6, 40
2192, 10, 40
2193, 1, 40
2194, 8, 40
2195, 8, 40
2196, 4, 40
2197, 5, 40
2198, 6, 40
2199, 2, 40
2200, 8, 40
2201, 4, 40
2202, 0, 40
2203, 3, 40
2204, 26, 40
2205, 0, 40
2206, 1, 40
2207, 2, 40
2208, 6, 40
2209, 10, 40
2210, 4, 40
2211, 0, 40
2212, 1, 40
2213, 13, 40
2214, 0, 40
2215, 3, 40
2216, 2, 40
2217, 7, 40
2218, 0, 40
2219, 0, 40
2220, 4, 40
2221, 7, 40
2222, 3, 40
2223, 2, 40
2224, 3, 40
2225, 1, 40
2226, 0, 40
2227, 2, 40
2228, 2, 40
2229, 2, 40
2230, 1, 40
2231, 13, 40
2232, 2, 40
2233, 4, 40
2234, 5, 40
2235, 5, 40
2236, 0, 40
2237, 5, 40
2238, 0, 40
2239, 5, 40
2240, 0, 40
2241, 4, 40
2242, 2, 40
2243, 0, 40
2244, 5, 40
2245, 3, 40
2246, 6, 40
2247, 1, 40
2248, 6, 40
2249, 6, 40
2250, 0, 40
2251, 0, 40
2252, 4, 40
2253, 4, 40
2254, 0, 40
2255, 0, 40
2256, 7, 40
2257, 3, 40
2258, 4, 40
2259, 11, 40
2260, 0, 40
2261, 0, 40
2262, 0, 40
2263, 8, 40
2264, 9, 40
2265, 2, 40
2266, 1, 40
2267, 0, 40
2268, 2, 40
2269, 4, 40
2270, 4, 40
2271, 0, 40
2272, 10, 40
2273, 6, 40
2274, 3, 40
2275, 0, 40
2276, 3, 40
2277, 2, 40
2278, 6, 40
2279, 2, 40
2280, 3, 40
2281, 1, 40
2282, 3, 40
2283, 4, 40
2284, 3, 40
2285, 0, 40
2286, 0, 40
2287, 3, 40
2288, 1, 40
2289, 13, 40
2290, 1, 40
2291, 5, 40
2292, 2, 40
2293, 7, 40
2294, 1, 40
2295, 0, 40
2296, 16, 40
2297, 9, 40
2298, 1, 40
2299, 2, 40
2300, 1, 40
2301, 0, 40
2302, 1, 40
2303, 2, 40
2304, 0, 40
2305, 4, 40
2306, 5, 40
2307, 0, 40
2308, 3, 40
2309, 1, 40
2310, 4, 40
2311, 3, 40
2312, 7, 40
2313, 0, 40
2314, 4, 40
2315, 0, 40
2316, 1, 40
2317, 0, 40
2318, 7, 40
2319, 2, 40
2320, 7, 40
2321, 0, 40
2322, 1, 40
2323, 1, 40
2324, 0, 40
2325, 3, 40
2326, 4, 40
2327, 11, 40
2328, 2, 40
2329, 0, 40
2330, 4, 40
2331, 5, 40
2332, 1, 40
2333, 1, 40
2334, 21, 40
2335, 4, 40
2336, 1, 40
2337, 5, 40
2338, 2, 40
2339, 9, 40
2340, 5, 40
2341, 3, 40
2342, 3, 40
2343, 6, 40
2344, 4, 40
2345, 3, 40
2346, 7, 40
2347, 3, 40
2348, 4, 40
2349, 11, 40
2350, 3, 40
2351, 10, 40
2352, 4, 40
2353, 0, 40
2354, 4, 40
2355, 1, 40
2356, 2, 40
2357, 15, 40
2358, 5, 40
2359, 5, 40
2360, 7, 40
2361, 6, 40
2362, 0, 40
2363, 4, 40
2364, 1, 40
2365, 7, 40
2366, 10, 40
2367, 4, 40
2368, 5, 40
2369, 3, 40
2370, 8, 40
2371, 3, 40
2372, 12, 40
2373, 4, 40
2374, 21, 40
2375, 7, 40
2376, 5, 40
2377, 0, 40
2378, 9, 40
2379, 15, 40
2380, 4, 40
2381, 0, 40
2382, 3, 40
2383, 8, 40
2384, 0, 40
2385, 9, 40
2386, 13, 40
2387, 3, 40
2388, 0, 40
2389, 8, 40
2390, 3, 40
2391, 8, 40
2392, 7, 40
2393, 2, 40
2394, 8, 40
2395, 6, 40
2396, 5, 40
2397, 27, 40
2398, 7, 40
2399, 3, 40
2400, 14, 40
2401, 3, 40
2402, 8, 40
2403, 14, 40
2404, 16, 40
2405, 23, 40
2406, 2, 40
2407, 14, 40
2408, 0, 40
2409, 0, 40
2410, 10, 40
2411, 17, 40
2412, 19, 40
2413, 22, 40
2414, 14, 40
2415, 12, 40
2416, 11, 40
2417, 26, 40
2418, 7, 40
2419, 4, 40
2420, 9, 40
2421, 6, 40
2422, 0, 40
2423, 0, 40
2424, 1, 40
2425, 15, 40
2426, 4, 40
2427, 2, 40
2428, 23, 40
2429, 5, 40
2430, 11, 40
2431, 5, 40
2432, 0, 40
2433, 19, 40
2434, 4, 40
2435, 8, 40
2436, 20, 40
2437, 2, 40
2438, 0, 40
2439, 14, 40
2440, 14, 40
2441, 8, 40
2442, 16, 40
2443, 16, 40
2444, 4, 40
2445, 15, 40
2446, 18, 40
2447, 0, 40
2448, 4, 40
2449, 4, 40
2450, 13, 40
2451, 24, 40
2452, 20, 40
2453, 0, 40
2454, 10, 40
2455, 28, 40
2456, 1, 40
2457, 9, 40
2458, 5, 40
2459, 6, 40
2460, 28, 40
2461, 22, 40
2462, 9, 40
2463, 9, 40
2464, 21, 40
2465, 2, 40
2466, 24, 40
2467, 13, 40
2468, 14, 40
2469, 6, 40
2470, 0, 40
2471, 3, 40
2472, 4, 40
2473, 6, 40
2474, 6, 40
2475, 8, 40
2476, 14, 40
2477, 0, 40
2478, 11, 40
2479, 17, 40
2480, 0, 40
2481, 3, 40
2482, 5, 40
2483, 2, 40
2484, 9, 40
2485, 17, 40
2486, 7, 40
2487, 18, 40
2488, 9, 40
2489, 7, 40
2490, 24, 40
2491, 20, 40
2492, 26, 40
2493, 15, 40
2494, 11, 40
2495, 4, 40
2496, 8, 40
2497, 5, 40
2498, 4, 40
2499, 14, 40
2500, 5, 40
2501, 21, 40
2502, 1, 40
2503, 18, 40
2504, 54, 54
2505, 3, 54
2506, 6, 54
2507, 6, 54
2508, 4, 54
2509, 12, 54
2510, 16, 54
2511, 31, 54
2512, 3, 54
2513, 6, 54
2514, 17, 54
2515, 14, 54
2516, 19, 54
2517, 2, 54
2518, 22, 54
2519, 7, 54
2520, 6, 54
2521, 14, 54
2522, 17, 54
2523, 5, 54
2524, 10, 54
2525, 18, 54
2526, 10, 54
2527, 5, 54
2528, 8, 54
2529, 0, 54
2530, 6, 54
2531, 7, 54
2532, 13, 54
2533, 7, 54
2534, 10, 54
2535, 3, 54
2536, 12, 54
2537, 19, 54
2538, 5, 54
2539, 7, 54
2540, 0, 54
2541, 16, 54
2542, 3, 54
2543, 0, 54
2544, 9, 54
2545, 1, 54
2546, 0, 54
2547, 12, 54
2548, 5, 54
2549, 5, 54
2550, 6, 54
2551, 5, 54
2552, 4, 54
2553, 6, 54
2554, 3, 54
2555, 0, 54
2556, 3, 54
2557, 2, 54
2558, 14, 54
2559, 1, 54
2560, 0, 54
2561, 3, 54
2562, 12, 54
2563, 13, 54
2564, 3, 54
2565, 11, 54
2566, 21, 54
2567, 12, 54
2568, 14, 54
2569, 5, 54
2570, 8, 54
2571, 4, 54
2572, 8, 54
2573, 8, 54
2574, 1, 54
2575, 6, 54
2576, 0, 54
2577, 12, 54
2578, 0, 54
2579, 0, 54
2580, 6, 54
2581, 6, 54
2582, 11, 54
2583, 0, 54
2584, 19, 54
2585, 5, 54
2586, 4, 54
2587, 2, 54
2588, 0, 54
2589, 3, 54
2590, 4, 54
2591, 6, 54
2592, 6, 54
2593, 7, 54
2594, 17, 54
2595, 3, 54
2596, 6, 54
2597, 6, 54
2598, 6, 54
2599, 0, 54
2600, 3, 54
2601, 77, 77
2602, 34, 77
2603, 7, 77
2604, 6, 77
2605, 0, 77
2606, 5, 77
2607, 7, 77
2608, 13, 77
2609, 22, 77
2610, 5, 77
2611, 25, 77
2612, 4, 77
2613, 9, 77
2614, 3, 77
2615, 4, 77
2616, 7, 77
2617, 2, 77
2618, 20, 77
2619, 17, 77
2620, 4, 77
2621, 5, 77
2622, 7, 77
2623, 4, 77
2624, 5, 77
2625, 1, 77
2626, 0, 77
2627, 7, 77
2628, 9, 77
2629, 10, 77
2630, 8, 77
2631, 0, 77
2632, 2, 77
2633, 4, 77
2634, 13, 77
2635, 12, 77
2636, 0, 77
2637, 0, 77
2638, 3, 77
2639, 6, 77
2640, 5, 77
2641, 0, 77
2642, 4, 77
2643, 16, 77
2644, 5, 77
2645, 1, 77
2646, 2, 77
2647, 13, 77
2648, 3, 77
2649, 2, 77
2650, 18, 77
2651, 0, 77
2652, 7, 77
2653, 4, 77
2654, 22, 77
2655, 6, 77
2656, 20, 77
2657, 1, 77
2658, 31, 77
2659, 0, 77
2660, 2, 77
2661, 24, 77
2662, 0, 77
2663, 0, 77
2664, 9, 77
2665, 25, 77
2666, 10, 77
2667, 5, 77
2668, 15, 77
2669, 12, 77
2670, 6, 77
2671, 1, 77
2672, 4, 77
2673, 7, 77
2674, 1, 77
2675, 2, 77
2676, 5, 77
2677, 15, 77
2678, 3, 77
2679, 9, 77
2680, 2, 77
2681, 17, 77
2682, 13, 77
2683, 20, 77
2684, 10, 77
2685, 11, 77
2686, 19, 77
2687, 4, 77
2688, 4, 77
2689, 14, 77
2690, 2, 77
2691, 25, 77
2692, 3, 77
2693, 1, 77
2694, 7, 77
2695, 9, 77
2696, 10, 77
2697, 6, 77
2698, 0, 77
2699, 4, 77
2700, 3, 77
2701, 7, 77
2702, 3, 77
2703, 0, 77
2704, 8, 77
2705, 11, 77
2706, 2, 77
2707, 5, 77
2708, 22, 77
2709, 27, 77
2710, 7, 77
2711, 0, 77
2712, 16, 77
2713, 0, 77
2714, 3, 77
2715, 6, 77
2716, 4, 77
2717, 24, 77
2718, 2, 77
2719, 5, 77
2720, 6, 77
2721, 25, 77
2722, 2, 77
2723, 13, 77
2724, 13, 77
2725, 3, 77
2726, 0, 77
2727, 3, 77
2728, 5, 77
2729, 7, 77
2730, 14, 77
2731, 18, 77
2732, 5, 77
2733, 6, 77
2734, 21, 77
2735, 0, 77
2736, 6, 77
2737, 4, 77
2738, 6, 77
2739, 0, 77
2740, 2, 77
2741, 22, 77
2742, 0, 77
2743, 0, 77
2744, 0, 77
2745, 13, 77
2746, 3, 77
2747, 14, 77
2748, 0, 77
2749, 9, 77
2750, 7, 77
2751, 0, 77
2752, 0, 77
2753, 1, 77
2754, 4, 77
2755, 8, 77
2756, 11, 77
2757, 15, 77
2758, 24, 77
2759, 12, 77
2760, 10, 77
2761, 15, 77
2762, 0, 77
2763, 3, 77
2764, 4, 77
2765, 12, 77
2766, 31, 77
2767, 31, 77
2768, 3, 77
2769, 7, 77
2770, 9, 77
2771, 16, 77
2772, 0, 77
2773, 0, 77
2774, 17, 77
2775, 16, 77
2776, 13, 77
2777, 0, 77
2778, 3, 77
2779, 6, 77
2780, 7, 77
2781, 4, 77
2782, 4, 77
2783, 4, 77
2784, 15, 77
2785, 9, 77
2786, 3, 77
2787, 6, 77
2788, 4, 77
2789, 7, 77
2790, 0, 77
2791, 26, 77
2792, 7, 77
2793, 2, 77
2794, 14, 77
2795, 24, 77
2796, 6, 77
2797, 12, 77
2798, 22, 77
2799, 23, 77
2800, 13, 77
2801, 5, 77
2802, 5, 77
2803, 0, 77
2804, 10, 77
2805, 1, 77
2806, 8, 77
2807, 7, 77
2808, 13, 77
2809, 8, 77
2810, 16, 77
2811, 2, 77
2812, 8, 77
2813, 18, 77
2814, 20, 77
2815, 7, 77
2816, 30, 77
2817, 39, 77
2818, 24, 77
2819, 2, 77
2820, 9, 77
2821, 3, 77
2822, 3, 77
2823, 6, 77
2824, 7, 77
2825, 6, 77
2826, 0, 77
2827, 31, 77
2828, 5, 77
2829, 0, 77
2830, 6, 77
2831, 7, 77
2832, 20, 77
2833, 2, 77
2834, 4, 77
2835, 0, 77
2836, 0, 77
2837, 5, 77
2838, 11, 77
2839, 6, 77
2840, 23, 77
2841, 24, 77
2842, 17, 77
2843, 20, 77
2844, 2, 77
2845, 1, 77
2846, 4, 77
2847, 0, 77
2848, 4, 77
2849, 0, 77
2850, 11, 77
2851, 15, 77
2852, 11, 77
2853, 2, 77
2854, 12, 77
2855, 13, 77
2856, 0, 77
2857, 3, 77
2858, 9, 77
2859, 11, 77
2860, 15, 77
2861, 11, 77
2862, 3, 77
2863, 4, 77
2864, 36, 77
2865, 5, 77
2866, 2, 77
2867, 1, 77
2868, 2, 77
2869, 5, 77
2870, 0, 77
2871, 1, 77
2872, 10, 77
2873, 13, 77
2874, 2, 77
2875, 3, 77
2876, 23, 77
2877, 8, 77
2878, 1, 77
2879, 10, 77
2880, 11, 77
2881, 0, 77
2882, 0, 77
2883, 7, 77
2884, 14, 77
2885, 4, 77
2886, 12, 77
2887, 5, 77
2888, 12, 77
2889, 2, 77
2890, 0, 77
2891, 1, 77
2892, 7, 77
2893, 2, 77
2894, 6, 77
2895, 5, 77
2896, 0, 77
2897, 11, 77
2898, 25, 77
2899, 3, 77
2900, 15, 77
2901, 13, 77
2902, 3, 77
2903, 4, 77
2904, 1, 77
2905, 2, 77
2906, 11, 77
2907, 8, 77
2908, 15, 77
2909, 8, 77
2910, 3, 77
2911, 9, 77
2912, 6, 77
2913, 19, 77
2914, 8, 77
2915, 19, 77
2916, 5, 77
2917, 21, 77
2918, 9, 77
2919, 15, 77
2920, 26, 77
2921, 12, 77
2922, 4, 77
2923, 11, 77
2924, 4, 77
2925, 3, 77
2926, 17, 77
2927, 5, 77
2928, 10, 77
2929, 0, 77
2930, 15, 77
2931, 7, 77
2932, 7, 77
2933, 0, 77
2934, 4, 77
2935, 5, 77
2936, 0, 77
2937, 5, 77
2938, 4, 77
2939, 2, 77
2940, 1, 77
2941, 5, 77
2942, 4, 77
2943, 13, 77
2944, 6, 77
2945, 2, 77
2946, 10, 77
2947, 12, 77
2948, 14, 77
2949, 0, 77
2950, 9, 77
2951, 4, 77
2952, 13, 77
2953, 6, 77
2954, 3, 77
2955, 2, 77
2956, 12, 77
2957, 21, 77
2958, 9, 77
2959, 4, 77
2960, 16, 77
2961, 17, 77
2962, 4, 77
2963, 9, 77
2964, 10, 77
2965, 0, 77
2966, 8, 77
2967, 3, 77
2968, 19, 77
2969, 10, 77
2970, 2, 77
2971, 6, 77
2972, 11, 77
2973, 0, 77
2974, 8, 77
2975, 10, 77
2976, 3, 77
2977, 0, 77
2978, 0, 77
2979, 0, 77
2980, 0, 77
2981, 4, 77
2982, 14, 77
2983, 0, 77
2984, 13, 77
2985, 0, 77
2986, 25, 77
2987, 9, 77
2988, 5, 77
2989, 21, 77
2990, 4, 77
2991, 2, 77
2992, 9, 77
2993, 7, 77
2994, 3, 77
2995, 0, 77
2996, 16, 77
2997, 3, 77
2998, 0, 77
2999, 3, 77
3000, 13, 77
3001, 4, 77
3002, 7, 77
3003, 4, 77
3004, 7, 77
3005, 5, 77
3006, 1, 77
3007, 35, 77
3008, 2, 77
3009, 3, 77
3010, 2, 77
3011, 11, 77
3012, 15, 77
3013, 2, 77
3014, 8, 77
3015, 7, 77
3016, 2, 77
3017, 9, 77
3018, 5, 77
3019, 4, 77
3020, 12, 77
3021, 5, 77
3022, 5, 77
3023, 4, 77
3024, 9, 77
3025, 30, 77
3026, 11, 77
3027, 1, 77
3028, 10, 77
3029, 12, 77
3030, 8, 77
3031, 16, 77
3032, 7, 77
3033, 7, 77
3034, 11, 77
3035, 10, 77
3036, 7, 77
3037, 17, 77
3038, 3, 77
3039, 1, 77
3040, 6, 77
3041, 2, 77
3042, 20, 77
3043, 4, 77
3044, 0, 77
3045, 1, 77
3046, 0, 77
3047, 5, 77
3048, 4, 77
3049, 1, 77
3050, 1, 77
3051, 11, 77
3052, 0, 77
3053, 3, 77
3054, 7, 77
3055, 8, 77
3056, 16, 77
3057, 0, 77
3058, 14, 77
3059, 13, 77
3060, 11, 77
3061, 4, 77
3062, 4, 77
3063, 14, 77
3064, 5, 77
3065, 3, 77
3066, 1, 77
3067, 6, 77
3068, 3, 77
3069, 9, 77
3070, 4, 77
3071, 2, 77
3072, 0, 77
3073, 11, 77
3074, 6, 77
3075, 2, 77
3076, 3, 77
3077, 1, 77
3078, 4, 77
3079, 2, 77
3080, 3, 77
3081, 11, 77
3082, 4, 77
3083, 2, 77
3084, 19, 77
3085, 0, 77
3086, 3, 77
3087, 0, 77
3088, 13, 77
3089, 8, 77
3090, 6, 77
3091, 7, 77
3092, 4, 77
3093, 2, 77
3094, 3, 77
3095, 28, 77
3096, 3, 77
3097, 0, 77
3098, 3, 77
3099, 0, 77
3100, 4, 77
3101, 3, 77
3102, 1, 77
3103, 10, 77
3104, 7, 77
3105, 7, 77
3106, 15, 77
3107, 10, 77
3108, 10, 77
3109, 15, 77
3110, 4, 77
3111, 8, 77
3112, 3, 77
3113, 5, 77
3114, 16, 77
3115, 16, 77
3116, 2, 77
3117, 1, 77
3118, 9, 77
3119, 0, 77
3120, 11, 77
3121, 4, 77
3122, 2, 77
3123, 6, 77
3124, 4, 77
3125, 7, 77
3126, 13, 77
3127, 4, 77
3128, 4, 77
3129, 0, 77
3130, 12, 77
3131, 2, 77
3132, 7, 77
3133, 0, 77
3134, 2, 77
3135, 11, 77
3136, 1, 77
3137, 4, 77
3138, 5, 77
3139, 5, 77
3140, 28, 77
3141, 0, 77
3142, 8, 77
3143, 3, 77
3144, 15, 77
3145, 5, 77
3146, 3, 77
3147, 12, 77
3148, 1, 77
3149, 14, 77
3150, 0, 77
3151, 3, 77
3152, 5, 77
3153, 0, 77
3154, 3, 77
3155, 27, 77
3156, 13, 77
3157, 0, 77
3158, 3, 77
3159, 3, 77
3160, 6, 77
3161, 1, 77
3162, 5, 77
3163, 6, 77
3164, 4, 77
3165, 8, 77
3166, 10, 77
3167, 2, 77
3168, 14, 77
3169, 0, 77
3170, 17, 77
3171, 5, 77
3172, 5, 77
3173, 6, 77
3174, 0, 77
3175, 10, 77
3176, 19, 77
3177, 2, 77
3178, 13, 77
3179, 2, 77
3180, 16, 77
3181, 16, 77
3182, 1, 77
3183, 1, 77
3184, 1, 77
3185, 5, 77
3186, 17, 77
3187, 35, 77
3188, 0, 77
3189, 3, 77
3190, 5, 77
3191, 5, 77
3192, 1, 77
3193, 11, 77
3194, 0, 77
3195, 1, 77
3196, 4, 77
3197, 24, 77
3198, 6, 77
3199, 3, 77
3200, 1, 77
3201, 9, 77
3202, 8, 77
3203, 16, 77
3204, 1, 77
3205, 14, 77
3206, 26, 77
3207, 0, 77
3208, 3, 77
3209, 3, 77
3210, 3, 77
3211, 7, 77
3212, 0, 77
3213, 8, 77
3214, 8, 77
3215, 9, 77
3216, 2, 77
3217, 18, 77
3218, 3, 77
3219, 3, 77
3220, 9, 77
3221, 14, 77
3222, 16, 77
3223, 10, 77
3224, 7, 77
3225, 16, 77
3226, 4, 77
3227, 2, 77
3228, 0, 77
3229, 2, 77
3230, 0, 77
3231, 3, 77
3232, 4, 77
3233, 5, 77
3234, 0, 77
3235, 3, 77
3236, 8, 77
3237, 6, 77
3238, 33, 77
3239, 7, 77
3240, 25, 77
3241, 23, 77
3242, 17, 77
3243, 2, 77
3244, 4, 77
3245, 11, 77
3246, 7, 77
3247, 0, 77
3248, 0, 77
3249, 5, 77
3250, 1, 77
3251, 29, 77
3252, 2, 77
3253, 12, 77
3254, 30, 77
3255, 0, 77
3256, 10, 77
3257, 14, 77
3258, 2, 77
3259, 3, 77
3260, 1, 77
3261, 14, 77
3262, 3, 77
3263, 3, 77
3264, 19, 77
3265, 19, 77
3266, 5, 77
3267, 5, 77
3268, 16, 77
3269, 5, 77
3270, 3, 77
3271, 9, 77
3272, 5, 77
3273, 1, 77
3274, 8, 77
3275, 23, 77
3276, 2, 77
3277, 18, 77
3278, 11, 77
3279, 0, 77
3280, 4, 77
3281, 1, 77
3282, 0, 77
3283, 7, 77
3284, 8, 77
3285, 6, 77
3286, 5, 77
3287, 0, 77
3288, 7, 77
3289, 16, 77
3290, 16, 77
3291, 9, 77
3292, 5, 77
3293, 11, 77
3294, 5, 77
3295, 3, 77
3296, 1, 77
3297, 4, 77
3298, 5, 77
3299, 5, 77
3300, 2, 77
3301, 22, 77
3302, 0, 77
3303, 4, 77
3304, 21, 77
3305, 20, 77
3306, 2, 77
3307, 2, 77
3308, 14, 77
3309, 11, 77
3310, 0, 77
3311, 7, 77
3312, 0, 77
3313, 5, 77
3314, 6, 77
3315, 7, 77
3316, 2, 77
3317, 3, 77
3318, 0, 77
3319, 7, 77
3320, 6, 77
3321, 0, 77
3322, 1, 77
3323, 3, 77
3324, 10, 77
3325, 5, 77
3326, 12, 77
3327, 4, 77
3328, 5, 77
3329, 1, 77
3330, 3, 77
3331, 8, 77
3332, 7, 77
3333, 2, 77
3334, 0, 77
3335, 1, 77
3336, 0, 77
3337, 5, 77
3338, 6, 77
3339, 1, 77
3340, 28, 77
3341, 25, 77
3342, 34, 77
3343, 3, 77
3344, 4, 77
3345, 6, 77
3346, 3, 77
3347, 2, 77
3348, 2, 77
3349, 5, 77
3350, 18, 77
3351, 1, 77
3352, 2, 77
3353, 0, 77
3354, 14, 77
3355, 3, 77
3356, 8, 77
3357, 4, 77
3358, 25, 77
3359, 4, 77
3360, 10, 77
3361, 10, 77
3362, 12, 77
3363, 0, 77
3364, 2, 77
3365, 7, 77
3366, 18, 77
3367, 15, 77
3368, 5, 77
3369, 11, 77
3370, 1, 77
3371, 0, 77
3372, 0, 77
3373, 16, 77
3374, 1, 77
3375, 1, 77
3376, 15, 77
3377, 0, 77
3378, 3, 77
3379, 0, 77
3380, 6, 77
3381, 7, 77
3382, 0, 77
3383, 0, 77
3384, 0, 77
3385, 6, 77
3386, 1, 77
3387, 4, 77
3388, 2, 77
3389, 11, 77
3390, 3, 77
3391, 6, 77
3392, 5, 77
3393, 0, 77
3394, 5, 77
3395, 8, 77
3396, 14, 77
3397, 11, 77
3398, 2, 77
3399, 4, 77
3400, 5, 77
3401, 3, 77
3402, 2, 77
3403, 7, 77
3404, 17, 77
3405, 1, 77
3406, 25, 77
3407, 8, 77
3408, 14, 77
3409, 7, 77
3410, 3, 77
3411, 16, 77
3412, 15, 77
3413, 18, 77
3414, 25, 77
3415, 5, 77
3416, 9, 77
3417, 17, 77
3418, 13, 77
3419, 1, 77
3420, 5, 77
3421, 8, 77
3422, 3, 77
3423, 0, 77
3424, 5, 77
3425, 5, 77
3426, 7, 77
3427, 24, 77
3428, 3, 77
3429, 5, 77
3430, 16, 77
3431, 3, 77
3432, 9, 77
3433, 18, 77
3434, 3, 77
3435, 3, 77
3436, 5, 77
3437, 1, 77
3438, 5, 77
3439, 9, 77
3440, 32, 77
3441, 0, 77
3442, 0, 77
3443, 2, 77
3444, 14, 77
3445, 2, 77
3446, 0, 77
3447, 0, 77
3448, 12, 77
3449, 6, 77
3450, 20, 77
3451, 9, 77
3452, 3, 77
3453, 8, 77
3454, 0, 77
3455, 3, 77
3456, 2, 77
3457, 15, 77
3458, 6, 77
3459, 34, 77
3460, 5, 77
3461, 7, 77
3462, 8, 77
3463, 5, 77
3464, 6, 77
3465, 9, 77
3466, 0, 77
3467, 11, 77
3468, 1, 77
3469, 1, 77
3470, 5, 77
3471, 21, 77
3472, 1, 77
3473, 2, 77
3474, 24, 77
3475, 14, 77
3476, 7, 77
3477, 0, 77
3478, 22, 77
3479, 24, 77
3480, 7, 77
3481, 9, 77
3482, 7, 77
3483, 26, 77
3484, 17, 77
3485, 14, 77
3486, 0, 77
3487, 17, 77
3488, 6, 77
3489, 8, 77
3490, 2, 77
3491, 2, 77
3492, 26, 77
3493, 0, 77
3494, 1, 77
3495, 0, 77
3496, 13, 77
3497, 14, 77
3498, 4, 77
3499, 1, 77
3500, 4, 77
3501, 4, 77
3502, 3, 77
3503, 5, 77
3504, 9, 77
3505, 7, 77
3506, 3, 77
3507, 0, 77
3508, 10, 77
3509, 14, 77
3510, 1, 77
3511, 0, 77
3512, 3, 77
3513, 11, 77
3514, 10, 77
3515, 12, 77
3516, 9, 77
3517, 16, 77
3518, 3, 77
3519, 8, 77
3520, 8, 77
3521, 3, 77
3522, 0, 77
3523, 4, 77
3524, 4, 77
3525, 8, 77
3526, 24, 77
3527, 2, 77
3528, 0, 77
3529, 4, 77
3530, 7, 77
3531, 24, 77
3532, 0, 77
3533, 14, 77
3534, 29, 77
3535, 0, 77
3536, 3, 77
3537, 15, 77
3538, 1, 77
3539, 1, 77
3540, 7, 77
3541, 7, 77
3542, 7, 77
3543, 3, 77
3544, 2, 77
3545, 4, 77
3546, 2, 77
3547, 3, 77
3548, 9, 77
3549, 10, 77
3550, 3, 77
3551, 8, 77
3552, 28, 77
3553, 7, 77
3554, 0, 77
3555, 12, 77
3556, 4, 77
3557, 7, 77
3558, 4, 77
3559, 6, 77
3560, 22, 77
3561, 15, 77
3562, 8, 77
3563, 6, 77
3564, 4, 77
3565, 0, 77
3566, 7, 77
3567, 0, 77
3568, 5, 77
3569, 27, 77
3570, 4, 77
3571, 3, 77
3572, 0, 77
3573, 3, 77
3574, 14, 77
3575, 5, 77
3576, 3, 77
3577, 2, 77
3578, 28, 77
3579, 5, 77
3580, 7, 77
3581, 4, 77
3582, 3, 77
3583, 8, 77
3584, 3, 77
3585, 3, 77
3586, 0, 77
3587, 10, 77
3588, 15, 77
3589, 0, 77
3590, 0, 77
3591, 7, 77
3592, 25, 77
3593, 6, 77
3594, 4, 77
3595, 10, 77
3596, 1, 77
3597, 0, 77
3598, 5, 77
3599, 2, 77
3600, 14, 77
3601, 3, 77
3602, 4, 77
3603, 10, 77
3604, 26, 77
3605, 4, 77
3606, 1, 77
3607, 5, 77
3608, 9, 77
3609, 8, 77
3610, 17, 77
3611, 12, 77
3612, 3, 77
3613, 0, 77
3614, 13, 77
3615, 0, 77
3616, 1, 77
3617, 11, 77
3618, 12, 77
3619, 4, 77
3620, 17, 77
3621, 21, 77
3622, 4, 77
3623, 2, 77
3624, 5, 77
3625, 8, 77
3626, 0, 77
3627, 2, 77
3628, 43, 77
3629, 1, 77
3630, 12, 77
3631, 4, 77
3632, 2, 77
3633, 7, 77
3634, 4, 77
3635, 9, 77
3636, 9, 77
3637, 20, 77
3638, 6, 77
3639, 10, 77
3640, 0, 77
3641, 17, 77
3642, 1, 77
3643, 14, 77
3644, 41, 77
3645, 4, 77
3646, 0, 77
3647, 14, 77
3648, 9, 77
3649, 5, 77
3650, 0, 77
3651, 7, 77
3652, 6, 77
3653, 7, 77
3654, 3, 77
3655, 11, 77
3656, 2, 77
3657, 9, 77
3658, 6, 77
3659, 4, 77
3660, 1, 77
3661, 17, 77
3662, 7, 77
3663, 0, 77
3664, 14, 77
3665, 14, 77
3666, 3, 77
3667, 9, 77
3668, 8, 77
3669, 7, 77
3670, 2, 77
3671, 8, 77
3672, 0, 77
3673, 8, 77
3674, 8, 77
3675, 1, 77
3676, 6, 77
3677, 12, 77
3678, 5, 77
3679, 0, 77
3680, 1, 77
3681, 4, 77
3682, 3, 77
3683, 7, 77
3684, 22, 77
3685, 6, 77
3686, 34, 77
3687, 3, 77
3688, 9, 77
3689, 7, 77
3690, 16, 77
3691, 1, 77
3692, 0, 77
3693, 7, 77
3694, 10, 77
3695, 2, 77
3696, 23, 77
3697, 3, 77
3698, 5, 77
3699, 2, 77
3700, 2, 77
3701, 4, 77
3702, 5, 77
3703, 1, 77
3704, 7, 77
3705, 4, 77
3706, 4, 77
3707, 6, 77
3708, 14, 77
3709, 4, 77
3710, 4, 77
3711, 6, 77
3712, 1, 77
3713, 31, 77
3714, 14, 77
3715, 2, 77
3716, 12, 77
3717, 0, 77
3718, 13, 77
3719, 8, 77
3720, 12, 77
3721, 18, 77
3722, 3, 77
3723, 3, 77
3724, 1, 77
3725, 7, 77
3726, 8, 77
3727, 19, 77
3728, 2, 77
3729, 3, 77
3730, 0, 77
3731, 11, 77
3732, 19, 77
3733, 10, 77
3734, 27, 77
3735, 1, 77
3736, 4, 77
3737, 21, 77
3738, 10, 77
3739, 6, 77
3740, 2, 77
3741, 15, 77
3742, 0, 77
3743, 11, 77
3744, 15, 77
3745, 15, 77
3746, 1, 77
3747, 9, 77
3748, 6, 77
3749, 17, 77
3750, 2, 77
3751, 0, 77
3752, 2, 77
3753, 0, 77
3754, 4, 77
3755, 0, 77
3756, 0, 77
3757, 0, 77
3758, 1, 77
3759, 0, 77
3760, 27, 77
3761, 18, 77
3762, 12, 77
3763, 14, 77
3764, 11, 77
3765, 3, 77
3766, 6, 77
3767, 14, 77
3768, 5, 77
3769, 10, 77
3770, 10, 77
3771, 9, 77
3772, 0, 77
3773, 5, 77
3774, 1, 77
3775, 12, 77
3776, 0, 77
3777, 4, 77
3778, 12, 77
3779, 0, 77
3780, 7, 77
3781, 5, 77
3782, 2, 77
3783, 11, 77
3784, 2, 77
3785, 0, 77
3786, 4, 77
3787, 1, 77
3788, 2, 77
3789, 1, 77
3790, 11, 77
3791, 0, 77
3792, 28, 77
3793, 5, 77
3794, 6, 77
3795, 7, 77
3796, 0, 77
3797, 18, 77
3798, 4, 77
3799, 14, 77
3800, 7, 77
3801, 7, 77
3802, 0, 77
3803, 17, 77
3804, 6, 77
3805, 3, 77
3806, 3, 77
3807, 5, 77
3808, 4, 77
3809, 3, 77
3810, 7, 77
3811, 5, 77
3812, 11, 77
3813, 5, 77
3814, 1, 77
3815, 0, 77
3816, 0, 77
3817, 19, 77
3818, 1, 77
3819, 5, 77
3820, 9, 77
3821, 8, 77
3822, 7, 77
3823, 2, 77
3824, 16, 77
3825, 7, 77
3826, 1, 77
3827, 3, 77
3828, 3, 77
3829, 0, 77
3830, 4, 77
3831, 6, 77
3832, 4, 77
3833, 3, 77
3834, 9, 77
3835, 3, 77
3836, 8, 77
3837, 14, 77
3838, 7, 77
3839, 2, 77
3840, 2, 77
3841, 2, 77
3842, 20, 77
3843, 2, 77
3844, 3, 77
3845, 9, 77
3846, 3, 77
3847, 3, 77
3848, 2, 77
3849, 13, 77
3850, 10, 77
3851, 8, 77
3852, 8, 77
3853, 7, 77
3854, 0, 77
3855, 3, 77
3856, 3, 77
3857, 4, 77
3858, 14, 77
3859, 16, 77
3860, 0, 77
3861, 8, 77
3862, 9, 77
3863, 4, 77
3864, 3, 77
3865, 0, 77
3866, 1, 77
3867, 0, 77
3868, 0, 77
3869, 2, 77
3870, 3, 77
3871, 7, 77
3872, 8, 77
3873, 1, 77
3874, 2, 77
3875, 5, 77
3876, 0, 77
3877, 7, 77
3878, 6, 77
3879, 10, 77
3880, 18, 77
3881, 2, 77
3882, 11, 77
3883, 11, 77
3884, 15, 77
3885, 5, 77
3886, 1, 77
3887, 9, 77
3888, 2, 77
3889, 4, 77
3890, 3, 77
3891, 6, 77
3892, 7, 77
3893, 4, 77
3894, 42, 77
3895, 0, 77
3896, 4, 77
3897, 0, 77
3898, 34, 77
3899, 3, 77
3900, 5, 77
3901, 0, 77
3902, 3, 77
3903, 7, 77
3904, 0, 77
3905, 6, 77
3906, 0, 77
3907, 1, 77
3908, 8, 77
3909, 0, 77
3910, 2, 77
3911, 17, 77
3912, 4, 77
3913, 8, 77
3914, 31, 77
3915, 5, 77
3916, 5, 77
3917, 7, 77
3918, 2, 77
3919, 10, 77
3920, 0, 77
3921, 24, 77
3922, 2, 77
3923, 2, 77
3924, 15, 77
3925, 0, 77
3926, 8, 77
3927, 2, 77
3928, 2, 77
3929, 5, 77
3930, 3, 77
3931, 4, 77
3932, 1, 77
3933, 3, 77
3934, 5, 77
3935, 6, 77
3936, 6, 77
3937, 4, 77
3938, 6, 77
3939, 6, 77
3940, 7, 77
3941, 9, 77
3942, 10, 77
3943, 10, 77
3944, 3, 77
3945, 2, 77
3946, 4, 77
3947, 3, 77
3948, 14, 77
3949, 21, 77
3950, 3, 77
3951, 1, 77
3952, 4, 77
3953, 9, 77
3954, 2, 77
3955, 12, 77
3956, 2, 77
3957, 2, 77
3958, 13, 77
3959, 10, 77
3960, 1, 77
3961, 5, 77
3962, 5, 77
3963, 14, 77
3964, 10, 77
3965, 1, 77
3966, 0, 77
3967, 2, 77
3968, 3, 77
3969, 2, 77
3970, 3, 77
3971, 8, 77
3972, 10, 77
3973, 6, 77
3974, 3, 77
3975, 4, 77
3976, 7, 77
3977, 4, 77
3978, 15, 77
3979, 17, 77
3980, 2, 77
3981, 18, 77
3982, 3, 77
3983, 5, 77
3984, 3, 77
3985, 2, 77
3986, 6, 77
3987, 4, 77
3988, 5, 77
3989, 5, 77
3990, 5, 77
3991, 2, 77
3992, 7, 77
3993, 2, 77
3994, 7, 77
3995, 17, 77
3996, 18, 77
3997, 4, 77
3998, 2, 77
3999, 29, 77
4000, 2, 77
4001, 3, 77
4002, 1, 77
4003, 4, 77
4004, 19, 77
4005, 1, 77
4006, 1, 77
4007, 10, 77
4008, 1, 77
4009, 14, 77
4010, 4, 77
4011, 3, 77
4012, 2, 77
4013, 8, 77
4014, 2, 77
4015, 3, 77
4016, 3, 77
4017, 3, 77
4018, 10, 77
4019, 7, 77
4020, 2, 77
4021, 3, 77
4022, 8, 77
4023, 7, 77
4024, 3, 77
4025, 7, 77
4026, 7, 77
4027, 7, 77
4028, 9, 77
4029, 2, 77
4030, 6, 77
4031, 0, 77
4032, 1, 77
4033, 12, 77
4034, 6, 77
4035, 4, 77
4036, 9, 77
4037, 3, 77
4038, 9, 77
4039, 8, 77
4040, 1, 77
4041, 4, 77
4042, 5, 77
4043, 0, 77
4044, 3, 77
4045, 1, 77
4046, 3, 77
4047, 5, 77
4048, 3, 77
4049, 6, 77
4050, 6, 77
4051, 5, 77
4052, 0, 77
4053, 13, 77
4054, 8, 77
4055, 11, 77
4056, 1, 77
4057, 1, 77
4058, 11, 77
4059, 4, 77
4060, 3, 77
4061, 9, 77
4062, 2, 77
4063, 9, 77
4064, 4, 77
4065, 19, 77
4066, 12, 77
4067, 2, 77
4068, 0, 77
4069, 2, 77
4070, 2, 77
4071, 4, 77
4072, 1, 77
4073, 4, 77
4074, 15, 77
4075, 3, 77
4076, 7, 77
4077, 11, 77
4078, 0, 77
4079, 6, 77
4080, 9, 77
4081, 5, 77
4082, 3, 77
4083, 12, 77
4084, 1, 77
4085, 6, 77
4086, 2, 77
4087, 24, 77
4088, 7, 77
4089, 2, 77
4090, 4, 77
4091, 5, 77
4092, 5, 77
4093, 1, 77
4094, 0, 77
4095, 7, 77
4096, 6, 77
4097, 7, 77
4098, 11, 77
4099, 10, 77
4100, 1, 77
4101, 6, 77
4102, 2, 77
4103, 0, 77
4104, 4, 77
4105, 21, 77
4106, 6, 77
4107, 6, 77
4108, 5, 77
4109, 7, 77
4110, 6, 77
4111, 6, 77
4112, 4, 77
4113, 5, 77
4114, 5, 77
4115, 17, 77
4116, 8, 77
4117, 9, 77
4118, 10, 77
4119, 2, 77
4120, 14, 77
4121, 3, 77
4122, 1, 77
4123, 10, 77
4124, 11, 77
4125, 0, 77
4126, 8, 77
4127, 16, 77
4128, 2, 77
4129, 3, 77
4130, 21, 77
4131, 5, 77
4132, 7, 77
4133, 26, 77
4134, 2, 77
4135, 7, 77
4136, 7, 77
4137, 0, 77
4138, 2, 77
4139, 5, 77
4140, 11, 77
4141, 13, 77
4142, 4, 77
4143, 9, 77
4144, 6, 77
4145, 4, 77
4146, 4, 77
4147, 4, 77
4148, 17, 77
4149, 22, 77
4150, 4, 77
4151, 4, 77
4152, 8, 77
4153, 4, 77
4154, 3, 77
4155, 3, 77
4156, 2, 77
4157, 13, 77
4158, 5, 77
4159, 6, 77
4160, 6, 77
4161, 3, 77
4162, 2, 77
4163, 8, 77
4164, 3, 77
4165, 5, 77
4166, 2, 77
4167, 3, 77
4168, 2, 77
4169, 7, 77
4170, 17, 77
4171, 3, 77
4172, 3, 77
4173, 1, 77
4174, 4, 77
4175, 1, 77
4176, 4, 77
4177, 5, 77
4178, 1, 77
4179, 5, 77
4180, 2, 77
4181, 8, 77
4182, 13, 77
4183, 9, 77
4184, 4, 77
4185, 7, 77
4186, 11, 77
4187, 7, 77
4188, 12, 77
4189, 10, 77
4190, 3, 77
4191, 7, 77
4192, 0, 77
4193, 7, 77
4194, 2, 77
4195, 2, 77
4196, 3, 77
4197, 3, 77
4198, 3, 77
4199, 1, 77
4200, 5, 77
4201, 1, 77
4202, 15, 77
4203, 2, 77
4204, 18, 77
4205, 14, 77
4206, 7, 77
4207, 6, 77
4208, 14, 77
4209, 3, 77
4210, 13, 77
4211, 3, 77
4212, 16, 77
4213, 7, 77
4214, 1, 77
4215, 2, 77
4216, 3, 77
4217, 4, 77
4218, 2, 77
4219, 4, 77
4220, 3, 77
4221, 2, 77
4222, 17, 77
4223, 0, 77
4224, 3, 77
4225, 6, 77
4226, 4, 77
4227, 7, 77
4228, 9, 77
4229, 14, 77
4230, 2, 77
4231, 9, 77
4232, 6, 77
4233, 3, 77
4234, 15, 77
4235, 9, 77
4236, 5, 77
4237, 2, 77
4238, 7, 77
4239, 14, 77
4240, 0, 77
4241, 9, 77
4242, 3, 77
4243, 6, 77
4244, 4, 77
4245, 5, 77
4246, 9, 77
4247, 9, 77
4248, 20, 77
4249, 12, 77
4250, 4, 77
4251, 2, 77
4252, 4, 77
4253, 4, 77
4254, 27, 77
4255, 5, 77
4256, 6, 77
4257, 4, 77
4258, 22, 77
4259, 6, 77
4260, 3, 77
4261, 7, 77
4262, 6, 77
4263, 8, 77
4264, 12, 77
4265, 12, 77
4266, 3, 77
4267, 12, 77
4268, 5, 77
4269, 12, 77
4270, 6, 77
4271, 13, 77
4272, 7, 77
4273, 6, 77
4274, 3, 77
4275, 1, 77
4276, 3, 77
4277, 6, 77
4278, 3, 77
4279, 4, 77
4280, 3, 77
4281, 5, 77
4282, 1, 77
4283, 4, 77
4284, 11, 77
4285, 3, 77
4286, 4, 77
4287, 1, 77
4288, 2, 77
4289, 9, 77
4290, 2, 77
4291, 2, 77
4292, 0, 77
4293, 3, 77
4294, 12, 77
4295, 2, 77
4296, 7, 77
4297, 0, 77
4298, 2, 77
4299, 6, 77
4300, 12, 77
4301, 1, 77
4302, 16, 77
4303, 4, 77
4304, 2, 77
4305, 4, 77
4306, 4, 77
4307, 2, 77
4308, 3, 77
4309, 1, 77
4310, 3, 77
4311, 5, 77
4312, 3, 77
4313, 20, 77
4314, 10, 77
4315, 5, 77
4316, 2, 77
4317, 9, 77
4318, 2, 77
4319, 3, 77
4320, 2, 77
4321, 11, 77
4322, 0, 77
4323, 1, 77
4324, 8, 77
4325, 5, 77
4326, 1, 77
4327, 4, 77
4328, 10, 77
4329, 4, 77
4330, 8, 77
4331, 0, 77
4332, 13, 77
4333, 15, 77
4334, 19, 77
4335, 3, 77
4336, 3, 77
4337, 4, 77
4338, 9, 77
4339, 18, 77
4340, 11, 77
4341, 3, 77
4342, 4, 77
4343, 21, 77
4344, 1, 77
4345, 5, 77
4346, 0, 77
4347, 0, 77
4348, 1, 77
4349, 5, 77
4350, 16, 77
4351, 18, 77
4352, 15, 77
4353, 10, 77
4354, 2, 77
4355, 14, 77
4356, 3, 77
4357, 2, 77
4358, 15, 77
4359, 1, 77
4360, 6, 77
4361, 15, 77
4362, 6, 77
4363, 2, 77
4364, 6, 77
4365, 8, 77
4366, 2, 77
4367, 6, 77
4368, 9, 77
4369, 15, 77
4370, 8, 77
4371, 1, 77
4372, 2, 77
4373, 3, 77
4374, 0, 77
4375, 2, 77
4376, 4, 77
4377, 9, 77
4378, 3, 77
4379, 7, 77
4380, 13, 77
4381, 1, 77
4382, 11, 77
4383, 2, 77
4384, 5, 77
4385, 5, 77
4386, 10, 77
4387, 5, 77
4388, 2, 77
4389, 9, 77
4390, 4, 77
4391, 4, 77
4392, 1, 77
4393, 2, 77
4394, 10, 77
4395, 8, 77
4396, 7, 77
4397, 9, 77
4398, 2, 77
4399, 13, 77
4400, 21, 77
4401, 4, 77
4402, 1, 77
4403, 8, 77
4404, 8, 77
4405, 18, 77
4406, 23, 77
4407, 10, 77
4408, 5, 77
4409, 14, 77
4410, 3, 77
4411, 1, 77
4412, 2, 77
4413, 4, 77
4414, 10, 77
4415, 4, 77
4416, 10, 77
4417, 2, 77
4418, 10, 77
4419, 8, 77
4420, 3, 77
4421, 1, 77
4422, 4, 77
4423, 3, 77
4424, 6, 77
4425, 8, 77
4426, 17, 77
4427, 5, 77
4428, 11, 77
4429, 30, 77
4430, 10, 77
4431, 3, 77
4432, 3, 77
4433, 2, 77
4434, 13, 77
4435, 7, 77
4436, 10, 77
4437, 2, 77
4438, 4, 77
4439, 2, 77
4440, 12, 77
4441, 7, 77
4442, 6, 77
4443, 5, 77
4444, 5, 77
4445, 8, 77
4446, 1, 77
4447, 15, 77
4448, 3, 77
4449, 4, 77
4450, 4, 77
4451, 5, 77
4452, 5, 77
4453, 3, 77
4454, 3, 77
4455, 4, 77
4456, 4, 77
4457, 2, 77
4458, 3, 77
4459, 15, 77
4460, 1, 77
4461, 7, 77
4462, 11, 77
4463, 5, 77
4464, 4, 77
4465, 5, 77
4466, 9, 77
4467, 5, 77
4468, 4, 77
4469, 13, 77
4470, 16, 77
4471, 8, 77
4472, 3, 77
4473, 22, 77
4474, 4, 77
4475, 3, 77
4476, 18, 77
4477, 7, 77
4478, 5, 77
4479, 4, 77
4480, 5, 77
4481, 6, 77
4482, 7, 77
4483, 7, 77
4484, 6, 77
4485, 6, 77
4486, 3, 77
4487, 3, 77
4488, 1, 77
4489, 3, 77
4490, 4, 77
4491, 5, 77
4492, 3, 77
4493, 2, 77
4494, 2, 77
4495, 7, 77
4496, 2, 77
4497, 2, 77
4498, 1, 77
4499, 3, 77
4500, 1, 77
4501, 3, 77
4502, 2, 77
4503, 6, 77
4504, 1, 77
4505, 3, 77
4506, 2, 77
4507, 0, 77
4508, 7, 77
4509, 4, 77
4510, 1, 77
4511, 6, 77
4512, 10, 77
4513, 4, 77
4514, 2, 77
4515, 8, 77
4516, 3, 77
4517, 9, 77
4518, 5, 77
4519, 3, 77
4520, 2, 77
4521, 2, 77
4522, 2, 77
4523, 10, 77
4524, 8, 77
4525, 0, 77
4526, 2, 77
4527, 8, 77
4528, 4, 77
4529, 3, 77
4530, 4, 77
4531, 4, 77
4532, 4, 77
4533, 2, 77
4534, 9, 77
4535, 4, 77
4536, 3, 77
4537, 3, 77
4538, 7, 77
4539, 7, 77
4540, 13, 77
4541, 2, 77
4542, 12, 77
4543, 7, 77
4544, 12, 77
4545, 3, 77
4546, 6, 77
4547, 10, 77
4548, 6, 77
4549, 12, 77
4550, 2, 77
4551, 6, 77
4552, 3, 77
4553, 4, 77
4554, 1, 77
4555, 5, 77
4556, 0, 77
4557, 8, 77
4558, 7, 77
4559, 2, 77
4560, 6, 77
4561, 10, 77
4562, 6, 77
4563, 2, 77
4564, 3, 77
4565, 16, 77
4566, 5, 77
4567, 13, 77
4568, 2, 77
4569, 8, 77
4570, 2, 77
4571, 6, 77
4572, 8, 77
4573, 7, 77
4574, 1, 77
4575, 2, 77
4576, 7, 77
4577, 6, 77
4578, 13, 77
4579, 3, 77
4580, 5, 77
4581, 7, 77
4582, 13, 77
4583, 3, 77
4584, 13, 77
4585, 9, 77
4586, 8, 77
4587, 9, 77
4588, 3, 77
4589, 3, 77
4590, 3, 77
4591, 11, 77
4592, 2, 77
4593, 1, 77
4594, 4, 77
4595, 10, 77
4596, 0, 77
4597, 5, 77
4598, 6, 77
4599, 6, 77
4600, 11, 77
4601, 4, 77
4602, 2, 77
4603, 6, 77
4604, 1, 77
4605, 4, 77
4606, 3, 77
4607, 5, 77
4608, 2, 77
4609, 6, 77
4610, 2, 77
4611, 2, 77
4612, 7, 77
4613, 6, 77
4614, 3, 77
4615, 0, 77
4616, 3, 77
4617, 1, 77
4618, 12, 77
4619, 7, 77
4620, 9, 77
4621, 3, 77
4622, 6, 77
4623, 2, 77
4624, 1, 77
4625, 4, 77
4626, 4, 77
4627, 4, 77
4628, 1, 77
4629, 4, 77
4630, 1, 77
4631, 5, 77
4632, 2, 77
4633, 0, 77
4634, 5, 77
4635, 4, 77
4636, 24, 77
4637, 3, 77
4638, 5, 77
4639, 4, 77
4640, 5, 77
4641, 8, 77
4642, 11, 77
4643, 11, 77
4644, 2, 77
4645, 8, 77
4646, 9, 77
4647, 5, 77
4648, 4, 77
4649, 2, 77
4650, 7, 77
4651, 3, 77
4652, 0, 77
4653, 13, 77
4654, 5, 77
4655, 0, 77
4656, 12, 77
4657, 3, 77
4658, 2, 77
4659, 6, 77
4660, 2, 77
4661, 1, 77
4662, 3, 77
4663, 5, 77
4664, 3, 77
4665, 10, 77
4666, 6, 77
4667, 5, 77
4668, 5, 77
4669, 14, 77
4670, 7, 77
4671, 2, 77
4672, 2, 77
4673, 3, 77
4674, 4, 77
4675, 8, 77
4676, 9, 77
4677, 4, 77
4678, 4, 77
4679, 5, 77
4680, 5, 77
4681, 3, 77
4682, 10, 77
4683, 4, 77
4684, 21, 77
4685, 3, 77
4686, 8, 77
4687, 2, 77
4688, 10, 77
4689, 7, 77
4690, 2, 77
4691, 1, 77
4692, 8, 77
4693, 1, 77
4694, 2, 77
4695, 3, 77
4696, 15, 77
4697, 8, 77
4698, 3, 77
4699, 24, 77
4700, 2, 77
