naive states, alpha = 0.9, gamma = 0.9
1, 0, 0
2, 0, 0
3, 0, 0
4, 0, 0
5, 0, 0
6, 0, 0
7, 0, 0
8, 0, 0
9, 0, 0
10, 0, 0
11, 0, 0
12, 0, 0
13, 0, 0
14, 0, 0
15, 0, 0
16, 0, 0
17, 0, 0
18, 0, 0
19, 0, 0
20, 0, 0
21, 0, 0
22, 0, 0
23, 0, 0
24, 0, 0
25, 0, 0
26, 0, 0
27, 0, 0
28, 0, 0
29, 0, 0
30, 0, 0
31, 0, 0
32, 0, 0
33, 0, 0
34, 0, 0
35, 0, 0
36, 0, 0
37, 0, 0
38, 0, 0
39, 0, 0
40, 0, 0
41, 0, 0
42, 0, 0
43, 0, 0
44, 0, 0
45, 0, 0
46, 0, 0
47, 0, 0
48, 0, 0
49, 0, 0
50, 0, 0
51, 0, 0
52, 0, 0
53, 0, 0
54, 0, 0
55, 0, 0
56, 0, 0
57, 0, 0
58, 0, 0
59, 0, 0
60, 0, 0
61, 0, 0
62, 0, 0
63, 0, 0
64, 0, 0
65, 0, 0
66, 0, 0
67, 0, 0
68, 0, 0
69, 0, 0
70, 0, 0
71, 0, 0
72, 0, 0
73, 0, 0
74, 0, 0
75, 0, 0
76, 0, 0
77, 0, 0
78, 0, 0
79, 0, 0
80, 0, 0
81, 0, 0
82, 0, 0
83, 0, 0
84, 0, 0
85, 0, 0
86, 0, 0
87, 0, 0
88, 0, 0
89, 0, 0
90, 0, 0
91, 0, 0
92, 0, 0
93, 0, 0
94, 0, 0
95, 0, 0
96, 0, 0
97, 0, 0
98, 0, 0
99, 0, 0
100, 0, 0
101, 0, 0
102, 0, 0
103, 0, 0
104, 0, 0
105, 0, 0
106, 0, 0
107, 0, 0
108, 0, 0
109, 0, 0
110, 0, 0
111, 0, 0
112, 0, 0
113, 0, 0
114, 0, 0
115, 0, 0
116, 0, 0
117, 0, 0
118, 0, 0
119, 0, 0
120, 0, 0
121, 0, 0
122, 0, 0
123, 0, 0
124, 0, 0
125, 0, 0
126, 0, 0
127, 0, 0
128, 0, 0
129, 0, 0
130, 0, 0
131, 0, 0
132, 0, 0
133, 0, 0
134, 0, 0
135, 0, 0
136, 0, 0
137, 0, 0
138, 0, 0
139, 0, 0
140, 0, 0
141, 0, 0
142, 0, 0
143, 0, 0
144, 0, 0
145, 1, 1
146, 0, 1
147, 0, 1
148, 0, 1
149, 0, 1
150, 0, 1
151, 0, 1
152, 0, 1
153, 0, 1
154, 0, 1
155, 0, 1
156, 0, 1
157, 0, 1
158, 0, 1
159, 0, 1
160, 0, 1
161, 1, 1
162, 0, 1
163, 0, 1
164, 0, 1
165, 0, 1
166, 0, 1
167, 0, 1
168, 0, 1
169, 0, 1
170, 0, 1
171, 0, 1
172, 0, 1
173, 0, 1
174, 1, 1
175, 0, 1
176, 0, 1
177, 0, 1
178, 0, 1
179, 0, 1
180, 0, 1
181, 0, 1
182, 0, 1
183, 0, 1
184, 0, 1
185, 0, 1
186, 0, 1
187, 0, 1
188, 0, 1
189, 0, 1
190, 0, 1
191, 0, 1
192, 0, 1
193, 1, 1
194, 0, 1
195, 0, 1
196, 0, 1
197, 1, 1
198, 0, 1
199, 1, 1
200, 1, 1
201, 0, 1
202, 0, 1
203, 0, 1
204, 1, 1
205, 0, 1
206, 0, 1
207, 0, 1
208, 0, 1
209, 0, 1
210, 0, 1
211, 0, 1
212, 0, 1
213, 0, 1
214, 0, 1
215, 0, 1
216, 0, 1
217, 0, 1
218, 0, 1
219, 0, 1
220, 1, 1
221, 0, 1
222, 0, 1
223, 2, 2
224, 0, 2
225, 1, 2
226, 1, 2
227, 0, 2
228, 0, 2
229, 1, 2
230, 1, 2
231, 0, 2
232, 0, 2
233, 0, 2
234, 1, 2
235, 1, 2
236, 0, 2
237, 0, 2
238, 1, 2
239, 0, 2
240, 0, 2
241, 0, 2
242, 0, 2
243, 0, 2
244, 0, 2
245, 0, 2
246, 0, 2
247, 0, 2
248, 0, 2
249, 0, 2
250, 0, 2
251, 0, 2
252, 0, 2
253, 0, 2
254, 0, 2
255, 0, 2
256, 1, 2
257, 1, 2
258, 0, 2
259, 0, 2
260, 0, 2
261, 0, 2
262, 0, 2
263, 0, 2
264, 0, 2
265, 1, 2
266, 0, 2
267, 0, 2
268, 1, 2
269, 0, 2
270, 0, 2
271, 0, 2
272, 1, 2
273, 0, 2
274, 0, 2
275, 0, 2
276, 0, 2
277, 0, 2
278, 0, 2
279, 0, 2
280, 0, 2
281, 0, 2
282, 1, 2
283, 1, 2
284, 0, 2
285, 0, 2
286, 1, 2
287, 0, 2
288, 1, 2
289, 2, 2
290, 0, 2
291, 0, 2
292, 0, 2
293, 0, 2
294, 0, 2
295, 0, 2
296, 0, 2
297, 0, 2
298, 0, 2
299, 3, 3
300, 0, 3
301, 2, 3
302, 0, 3
303, 3, 3
304, 3, 3
305, 0, 3
306, 0, 3
307, 0, 3
308, 0, 3
309, 0, 3
310, 0, 3
311, 0, 3
312, 0, 3
313, 0, 3
314, 0, 3
315, 0, 3
316, 0, 3
317, 0, 3
318, 0, 3
319, 0, 3
320, 0, 3
321, 0, 3
322, 0, 3
323, 0, 3
324, 0, 3
325, 0, 3
326, 0, 3
327, 0, 3
328, 0, 3
329, 1, 3
330, 0, 3
331, 0, 3
332, 0, 3
333, 3, 3
334, 0, 3
335, 0, 3
336, 0, 3
337, 0, 3
338, 0, 3
339, 0, 3
340, 0, 3
341, 0, 3
342, 0, 3
343, 2, 3
344, 1, 3
345, 1, 3
346, 0, 3
347, 4, 4
348, 0, 4
349, 3, 4
350, 0, 4
351, 0, 4
352, 3, 4
353, 0, 4
354, 0, 4
355, 0, 4
356, 1, 4
357, 5, 5
358, 0, 5
359, 0, 5
360, 1, 5
361, 0, 5
362, 2, 5
363, 0, 5
364, 3, 5
365, 2, 5
366, 3, 5
367, 1, 5
368, 3, 5
369, 0, 5
370, 0, 5
371, 0, 5
372, 0, 5
373, 3, 5
374, 0, 5
375, 0, 5
376, 0, 5
377, 0, 5
378, 0, 5
379, 0, 5
380, 0, 5
381, 0, 5
382, 0, 5
383, 0, 5
384, 8, 8
385, 0, 8
386, 5, 8
387, 2, 8
388, 0, 8
389, 5, 8
390, 3, 8
391, 3, 8
392, 1, 8
393, 9, 9
394, 0, 9
395, 3, 9
396, 2, 9
397, 0, 9
398, 4, 9
399, 2, 9
400, 0, 9
401, 1, 9
402, 0, 9
403, 0, 9
404, 0, 9
405, 1, 9
406, 7, 9
407, 0, 9
408, 0, 9
409, 0, 9
410, 6, 9
411, 0, 9
412, 0, 9
413, 2, 9
414, 0, 9
415, 0, 9
416, 5, 9
417, 1, 9
418, 1, 9
419, 0, 9
420, 0, 9
421, 0, 9
422, 2, 9
423, 4, 9
424, 2, 9
425, 1, 9
426, 0, 9
427, 5, 9
428, 2, 9
429, 7, 9
430, 0, 9
431, 6, 9
432, 0, 9
433, 0, 9
434, 3, 9
435, 4, 9
436, 5, 9
437, 4, 9
438, 18, 18
439, 2, 18
440, 1, 18
441, 4, 18
442, 4, 18
443, 19, 19
444, 5, 19
445, 3, 19
446, 25, 25
447, 0, 25
448, 0, 25
449, 6, 25
450, 1, 25
451, 7, 25
452, 9, 25
453, 4, 25
454, 16, 25
455, 0, 25
456, 0, 25
457, 4, 25
458, 2, 25
459, 0, 25
460, 0, 25
461, 3, 25
462, 2, 25
463, 2, 25
464, 2, 25
465, 6, 25
466, 2, 25
467, 0, 25
468, 5, 25
469, 0, 25
470, 7, 25
471, 22, 25
472, 2, 25
473, 0, 25
474, 29, 29
475, 14, 29
476, 0, 29
477, 2, 29
478, 1, 29
479, 8, 29
480, 3, 29
481, 0, 29
482, 2, 29
483, 4, 29
484, 17, 29
485, 0, 29
486, 0, 29
487, 3, 29
488, 8, 29
489, 1, 29
490, 0, 29
491, 5, 29
492, 7, 29
493, 0, 29
494, 4, 29
495, 3, 29
496, 14, 29
497, 0, 29
498, 2, 29
499, 2, 29
500, 0, 29
501, 14, 29
502, 76, 76
503, 0, 76
504, 1, 76
505, 0, 76
506, 9, 76
507, 12, 76
508, 15, 76
509, 21, 76
510, 4, 76
511, 36, 76
512, 4, 76
513, 29, 76
514, 7, 76
515, 0, 76
516, 0, 76
517, 8, 76
518, 4, 76
519, 7, 76
520, 7, 76
521, 21, 76
522, 0, 76
523, 19, 76
524, 0, 76
525, 8, 76
526, 12, 76
527, 0, 76
528, 9, 76
529, 14, 76
530, 39, 76
531, 4, 76
532, 22, 76
533, 29, 76
534, 22, 76
535, 0, 76
536, 33, 76
537, 37, 76
538, 5, 76
539, 40, 76
540, 16, 76
541, 6, 76
542, 15, 76
543, 11, 76
544, 7, 76
545, 0, 76
546, 21, 76
547, 15, 76
548, 7, 76
549, 15, 76
550, 6, 76
551, 6, 76
552, 0, 76
553, 0, 76
554, 4, 76
555, 0, 76
556, 0, 76
557, 0, 76
558, 10, 76
559, 37, 76
560, 6, 76
561, 0, 76
562, 2, 76
563, 0, 76
564, 6, 76
565, 0, 76
566, 11, 76
567, 37, 76
568, 18, 76
569, 4, 76
570, 1, 76
571, 0, 76
572, 0, 76
573, 1, 76
574, 2, 76
575, 50, 76
576, 1, 76
577, 0, 76
578, 0, 76
579, 16, 76
580, 13, 76
581, 7, 76
582, 0, 76
583, 8, 76
584, 21, 76
585, 8, 76
586, 10, 76
587, 0, 76
588, 8, 76
589, 22, 76
590, 23, 76
591, 4, 76
592, 11, 76
593, 11, 76
594, 22, 76
595, 19, 76
596, 14, 76
597, 1, 76
598, 11, 76
599, 12, 76
600, 2, 76
601, 1, 76
602, 4, 76
603, 0, 76
604, 19, 76
605, 16, 76
606, 4, 76
607, 12, 76
608, 7, 76
609, 3, 76
610, 13, 76
611, 0, 76
612, 14, 76
613, 5, 76
614, 9, 76
615, 0, 76
616, 3, 76
617, 5, 76
618, 13, 76
619, 10, 76
620, 3, 76
621, 1, 76
622, 22, 76
623, 3, 76
624, 12, 76
625, 0, 76
626, 19, 76
627, 1, 76
628, 0, 76
629, 11, 76
630, 2, 76
631, 13, 76
632, 2, 76
633, 0, 76
634, 10, 76
635, 6, 76
636, 4, 76
637, 3, 76
638, 1, 76
639, 9, 76
640, 0, 76
641, 13, 76
642, 5, 76
643, 3, 76
644, 0, 76
645, 8, 76
646, 15, 76
647, 3, 76
648, 1, 76
649, 9, 76
650, 9, 76
651, 4, 76
652, 13, 76
653, 12, 76
654, 2, 76
655, 12, 76
656, 12, 76
657, 5, 76
658, 2, 76
659, 3, 76
660, 8, 76
661, 0, 76
662, 5, 76
663, 1, 76
664, 17, 76
665, 10, 76
666, 3, 76
667, 3, 76
668, 20, 76
669, 3, 76
670, 3, 76
671, 7, 76
672, 6, 76
673, 2, 76
674, 10, 76
675, 2, 76
676, 4, 76
677, 1, 76
678, 4, 76
679, 2, 76
680, 4, 76
681, 0, 76
682, 5, 76
683, 4, 76
684, 15, 76
685, 22, 76
686, 5, 76
687, 3, 76
688, 0, 76
689, 14, 76
690, 0, 76
691, 8, 76
692, 0, 76
693, 1, 76
694, 9, 76
695, 6, 76
696, 2, 76
697, 10, 76
698, 10, 76
699, 1, 76
700, 1, 76
701, 6, 76
702, 14, 76
703, 3, 76
704, 7, 76
705, 3, 76
706, 0, 76
707, 2, 76
708, 10, 76
709, 9, 76
710, 2, 76
711, 2, 76
712, 1, 76
713, 1, 76
714, 1, 76
715, 11, 76
716, 19, 76
717, 11, 76
718, 5, 76
719, 2, 76
720, 7, 76
721, 5, 76
722, 13, 76
723, 2, 76
724, 0, 76
725, 7, 76
726, 7, 76
727, 0, 76
728, 13, 76
729, 8, 76
730, 2, 76
731, 4, 76
732, 9, 76
733, 9, 76
734, 3, 76
735, 3, 76
736, 5, 76
737, 2, 76
738, 25, 76
739, 3, 76
740, 8, 76
741, 3, 76
742, 0, 76
743, 1, 76
744, 3, 76
745, 13, 76
746, 6, 76
747, 3, 76
748, 4, 76
749, 6, 76
750, 5, 76
751, 12, 76
752, 7, 76
753, 8, 76
754, 0, 76
755, 1, 76
756, 3, 76
757, 11, 76
758, 10, 76
759, 3, 76
760, 3, 76
761, 10, 76
762, 2, 76
763, 2, 76
764, 5, 76
765, 2, 76
766, 16, 76
767, 4, 76
768, 7, 76
769, 7, 76
770, 5, 76
771, 0, 76
772, 10, 76
773, 3, 76
774, 3, 76
775, 16, 76
776, 1, 76
777, 3, 76
778, 0, 76
779, 2, 76
780, 5, 76
781, 12, 76
782, 8, 76
783, 1, 76
784, 10, 76
785, 7, 76
786, 3, 76
787, 2, 76
788, 8, 76
789, 0, 76
790, 10, 76
791, 1, 76
792, 6, 76
793, 1, 76
794, 4, 76
795, 0, 76
796, 1, 76
797, 3, 76
798, 2, 76
799, 0, 76
800, 2, 76
801, 2, 76
802, 5, 76
803, 1, 76
804, 1, 76
805, 10, 76
806, 0, 76
807, 1, 76
808, 28, 76
809, 9, 76
810, 0, 76
811, 11, 76
812, 3, 76
813, 2, 76
814, 0, 76
815, 6, 76
816, 12, 76
817, 6, 76
818, 0, 76
819, 0, 76
820, 10, 76
821, 0, 76
822, 6, 76
823, 7, 76
824, 8, 76
825, 10, 76
826, 20, 76
827, 4, 76
828, 0, 76
829, 2, 76
830, 1, 76
831, 1, 76
832, 15, 76
833, 4, 76
834, 7, 76
835, 2, 76
836, 10, 76
837, 5, 76
838, 1, 76
839, 3, 76
840, 17, 76
841, 12, 76
842, 0, 76
843, 8, 76
844, 0, 76
845, 5, 76
846, 9, 76
847, 8, 76
848, 1, 76
849, 6, 76
850, 3, 76
851, 3, 76
852, 24, 76
853, 0, 76
854, 6, 76
855, 10, 76
856, 9, 76
857, 14, 76
858, 12, 76
859, 13, 76
860, 8, 76
861, 5, 76
862, 2, 76
863, 0, 76
864, 6, 76
865, 5, 76
866, 8, 76
867, 1, 76
868, 5, 76
869, 7, 76
870, 2, 76
871, 5, 76
872, 2, 76
873, 8, 76
874, 7, 76
875, 0, 76
876, 6, 76
877, 4, 76
878, 5, 76
879, 3, 76
880, 6, 76
881, 2, 76
882, 4, 76
883, 1, 76
884, 1, 76
885, 5, 76
886, 0, 76
887, 1, 76
888, 4, 76
889, 0, 76
890, 11, 76
891, 1, 76
892, 5, 76
893, 0, 76
894, 2, 76
895, 3, 76
896, 2, 76
897, 1, 76
898, 6, 76
899, 2, 76
900, 6, 76
901, 6, 76
902, 0, 76
903, 1, 76
904, 2, 76
905, 4, 76
906, 0, 76
907, 2, 76
908, 2, 76
909, 2, 76
910, 9, 76
911, 0, 76
912, 1, 76
913, 6, 76
914, 8, 76
915, 8, 76
916, 2, 76
917, 0, 76
918, 1, 76
919, 2, 76
920, 1, 76
921, 0, 76
922, 4, 76
923, 3, 76
924, 0, 76
925, 6, 76
926, 1, 76
927, 9, 76
928, 2, 76
929, 11, 76
930, 4, 76
931, 2, 76
932, 6, 76
933, 8, 76
934, 0, 76
935, 5, 76
936, 1, 76
937, 3, 76
938, 0, 76
939, 2, 76
940, 0, 76
941, 0, 76
942, 6, 76
943, 4, 76
944, 6, 76
945, 1, 76
946, 7, 76
947, 4, 76
948, 3, 76
949, 0, 76
950, 4, 76
951, 8, 76
952, 4, 76
953, 0, 76
954, 0, 76
955, 1, 76
956, 0, 76
957, 5, 76
958, 0, 76
959, 4, 76
960, 1, 76
961, 0, 76
962, 3, 76
963, 5, 76
964, 9, 76
965, 3, 76
966, 1, 76
967, 0, 76
968, 3, 76
969, 3, 76
970, 5, 76
971, 4, 76
972, 2, 76
973, 0, 76
974, 5, 76
975, 2, 76
976, 6, 76
977, 0, 76
978, 0, 76
979, 0, 76
980, 12, 76
981, 14, 76
982, 6, 76
983, 0, 76
984, 2, 76
985, 4, 76
986, 5, 76
987, 11, 76
988, 3, 76
989, 3, 76
990, 3, 76
991, 3, 76
992, 1, 76
993, 2, 76
994, 0, 76
995, 2, 76
996, 7, 76
997, 4, 76
998, 3, 76
999, 2, 76
1000, 4, 76
1001, 3, 76
1002, 3, 76
1003, 6, 76
1004, 9, 76
1005, 0, 76
1006, 0, 76
1007, 10, 76
1008, 4, 76
1009, 1, 76
1010, 3, 76
1011, 0, 76
1012, 1, 76
1013, 0, 76
1014, 0, 76
1015, 2, 76
1016, 0, 76
1017, 4, 76
1018, 7, 76
1019, 5, 76
1020, 2, 76
1021, 1, 76
1022, 2, 76
1023, 0, 76
1024, 2, 76
1025, 2, 76
1026, 5, 76
1027, 2, 76
1028, 6, 76
1029, 2, 76
1030, 2, 76
1031, 3, 76
1032, 3, 76
1033, 1, 76
1034, 3, 76
1035, 8, 76
1036, 7, 76
1037, 1, 76
1038, 8, 76
1039, 2, 76
1040, 3, 76
1041, 0, 76
1042, 0, 76
1043, 0, 76
1044, 7, 76
1045, 3, 76
1046, 0, 76
1047, 2, 76
1048, 3, 76
1049, 2, 76
1050, 2, 76
1051, 9, 76
1052, 2, 76
1053, 3, 76
1054, 1, 76
1055, 5, 76
1056, 2, 76
1057, 1, 76
1058, 3, 76
1059, 3, 76
1060, 1, 76
1061, 1, 76
1062, 9, 76
1063, 7, 76
1064, 4, 76
1065, 4, 76
1066, 2, 76
1067, 3, 76
1068, 0, 76
1069, 3, 76
1070, 2, 76
1071, 8, 76
1072, 12, 76
1073, 0, 76
1074, 5, 76
1075, 6, 76
1076, 6, 76
1077, 3, 76
1078, 5, 76
1079, 1, 76
1080, 5, 76
1081, 3, 76
1082, 4, 76
1083, 2, 76
1084, 1, 76
1085, 4, 76
1086, 5, 76
1087, 3, 76
1088, 2, 76
1089, 4, 76
1090, 3, 76
1091, 6, 76
1092, 8, 76
1093, 1, 76
1094, 5, 76
1095, 2, 76
1096, 3, 76
1097, 5, 76
1098, 3, 76
1099, 1, 76
1100, 8, 76
1101, 1, 76
1102, 3, 76
1103, 1, 76
1104, 4, 76
1105, 8, 76
1106, 7, 76
1107, 3, 76
1108, 2, 76
1109, 4, 76
1110, 5, 76
1111, 3, 76
1112, 2, 76
1113, 4, 76
1114, 1, 76
1115, 5, 76
1116, 12, 76
1117, 0, 76
1118, 5, 76
1119, 13, 76
1120, 1, 76
1121, 1, 76
1122, 0, 76
1123, 18, 76
1124, 10, 76
1125, 3, 76
1126, 9, 76
1127, 1, 76
1128, 6, 76
1129, 11, 76
1130, 4, 76
1131, 3, 76
1132, 1, 76
1133, 0, 76
1134, 1, 76
1135, 3, 76
1136, 6, 76
1137, 5, 76
1138, 1, 76
1139, 1, 76
1140, 4, 76
1141, 4, 76
1142, 2, 76
1143, 2, 76
1144, 9, 76
1145, 3, 76
1146, 5, 76
1147, 5, 76
1148, 4, 76
1149, 5, 76
1150, 5, 76
1151, 3, 76
1152, 2, 76
1153, 0, 76
1154, 3, 76
1155, 3, 76
1156, 8, 76
1157, 3, 76
1158, 2, 76
1159, 6, 76
1160, 0, 76
1161, 2, 76
1162, 5, 76
1163, 7, 76
1164, 3, 76
1165, 10, 76
1166, 4, 76
1167, 4, 76
1168, 1, 76
1169, 3, 76
1170, 8, 76
1171, 1, 76
1172, 7, 76
1173, 3, 76
1174, 8, 76
1175, 3, 76
1176, 2, 76
1177, 0, 76
1178, 1, 76
1179, 1, 76
1180, 11, 76
1181, 5, 76
1182, 6, 76
1183, 1, 76
1184, 2, 76
1185, 3, 76
1186, 2, 76
1187, 2, 76
1188, 3, 76
1189, 7, 76
1190, 6, 76
1191, 8, 76
1192, 3, 76
1193, 0, 76
1194, 1, 76
1195, 0, 76
1196, 6, 76
1197, 3, 76
1198, 5, 76
1199, 2, 76
1200, 2, 76
1201, 2, 76
1202, 0, 76
1203, 3, 76
1204, 6, 76
1205, 4, 76
1206, 1, 76
1207, 2, 76
1208, 3, 76
1209, 0, 76
1210, 1, 76
1211, 2, 76
1212, 11, 76
1213, 2, 76
1214, 6, 76
1215, 2, 76
1216, 8, 76
1217, 2, 76
1218, 1, 76
1219, 3, 76
1220, 2, 76
1221, 3, 76
1222, 4, 76
1223, 8, 76
1224, 10, 76
1225, 2, 76
1226, 0, 76
1227, 8, 76
1228, 4, 76
1229, 5, 76
1230, 4, 76
1231, 1, 76
1232, 1, 76
1233, 12, 76
1234, 1, 76
1235, 3, 76
1236, 3, 76
1237, 0, 76
1238, 3, 76
1239, 4, 76
1240, 0, 76
1241, 3, 76
1242, 1, 76
1243, 1, 76
1244, 3, 76
1245, 1, 76
1246, 4, 76
1247, 3, 76
1248, 3, 76
1249, 6, 76
1250, 8, 76
1251, 5, 76
1252, 12, 76
1253, 2, 76
1254, 1, 76
1255, 7, 76
1256, 1, 76
1257, 5, 76
1258, 5, 76
1259, 3, 76
1260, 3, 76
1261, 8, 76
1262, 2, 76
1263, 1, 76
1264, 1, 76
1265, 2, 76
1266, 3, 76
1267, 1, 76
1268, 3, 76
1269, 5, 76
1270, 1, 76
1271, 5, 76
1272, 1, 76
1273, 1, 76
1274, 2, 76
1275, 4, 76
1276, 0, 76
1277, 1, 76
1278, 4, 76
1279, 4, 76
1280, 3, 76
1281, 2, 76
1282, 10, 76
1283, 3, 76
1284, 1, 76
1285, 8, 76
1286, 8, 76
1287, 7, 76
1288, 0, 76
1289, 3, 76
1290, 1, 76
1291, 2, 76
1292, 1, 76
1293, 9, 76
1294, 1, 76
1295, 3, 76
1296, 8, 76
1297, 2, 76
1298, 5, 76
1299, 2, 76
1300, 2, 76
1301, 3, 76
1302, 2, 76
1303, 3, 76
1304, 4, 76
1305, 3, 76
1306, 6, 76
1307, 7, 76
1308, 1, 76
1309, 1, 76
1310, 18, 76
1311, 2, 76
1312, 1, 76
1313, 1, 76
1314, 6, 76
1315, 1, 76
1316, 2, 76
1317, 2, 76
1318, 1, 76
1319, 0, 76
1320, 9, 76
1321, 5, 76
1322, 4, 76
1323, 2, 76
1324, 2, 76
1325, 7, 76
1326, 2, 76
1327, 0, 76
1328, 1, 76
1329, 0, 76
1330, 0, 76
1331, 0, 76
1332, 2, 76
1333, 3, 76
1334, 0, 76
1335, 3, 76
1336, 5, 76
1337, 1, 76
1338, 3, 76
1339, 1, 76
1340, 1, 76
1341, 2, 76
1342, 0, 76
1343, 1, 76
1344, 2, 76
1345, 2, 76
1346, 2, 76
1347, 1, 76
1348, 3, 76
1349, 2, 76
1350, 0, 76
1351, 2, 76
1352, 2, 76
1353, 7, 76
1354, 4, 76
1355, 1, 76
1356, 8, 76
1357, 4, 76
1358, 6, 76
1359, 4, 76
1360, 0, 76
1361, 6, 76
1362, 1, 76
1363, 2, 76
1364, 5, 76
1365, 1, 76
1366, 2, 76
1367, 1, 76
1368, 6, 76
1369, 2, 76
1370, 2, 76
1371, 0, 76
1372, 1, 76
1373, 11, 76
1374, 4, 76
1375, 2, 76
1376, 3, 76
1377, 1, 76
1378, 1, 76
1379, 3, 76
1380, 2, 76
1381, 3, 76
1382, 3, 76
1383, 2, 76
1384, 2, 76
1385, 6, 76
1386, 0, 76
1387, 2, 76
1388, 1, 76
1389, 3, 76
1390, 0, 76
1391, 0, 76
1392, 8, 76
1393, 2, 76
1394, 1, 76
1395, 2, 76
1396, 3, 76
1397, 2, 76
1398, 1, 76
1399, 2, 76
1400, 9, 76
1401, 4, 76
1402, 2, 76
1403, 2, 76
1404, 4, 76
1405, 7, 76
1406, 3, 76
1407, 3, 76
1408, 0, 76
1409, 1, 76
1410, 2, 76
1411, 0, 76
1412, 0, 76
1413, 0, 76
1414, 1, 76
1415, 5, 76
1416, 0, 76
1417, 10, 76
1418, 5, 76
1419, 2, 76
1420, 1, 76
1421, 3, 76
1422, 4, 76
1423, 2, 76
1424, 2, 76
1425, 4, 76
1426, 1, 76
1427, 2, 76
1428, 3, 76
1429, 1, 76
1430, 3, 76
1431, 1, 76
1432, 4, 76
1433, 2, 76
1434, 1, 76
1435, 3, 76
1436, 4, 76
1437, 3, 76
1438, 10, 76
1439, 10, 76
1440, 1, 76
1441, 0, 76
1442, 4, 76
1443, 0, 76
1444, 0, 76
1445, 5, 76
1446, 0, 76
1447, 1, 76
1448, 2, 76
1449, 1, 76
1450, 2, 76
1451, 0, 76
1452, 6, 76
1453, 3, 76
1454, 2, 76
1455, 1, 76
1456, 2, 76
1457, 2, 76
1458, 2, 76
1459, 2, 76
1460, 1, 76
1461, 0, 76
1462, 1, 76
1463, 3, 76
1464, 3, 76
1465, 0, 76
1466, 6, 76
1467, 2, 76
1468, 2, 76
1469, 3, 76
1470, 0, 76
1471, 5, 76
1472, 4, 76
1473, 4, 76
1474, 1, 76
1475, 2, 76
1476, 2, 76
1477, 1, 76
1478, 1, 76
1479, 1, 76
1480, 2, 76
1481, 1, 76
1482, 5, 76
1483, 0, 76
1484, 9, 76
1485, 0, 76
1486, 4, 76
1487, 1, 76
1488, 2, 76
1489, 4, 76
1490, 1, 76
1491, 1, 76
1492, 1, 76
1493, 1, 76
1494, 4, 76
1495, 2, 76
1496, 1, 76
1497, 1, 76
1498, 1, 76
1499, 2, 76
1500, 2, 76
1501, 5, 76
1502, 2, 76
1503, 1, 76
1504, 1, 76
1505, 2, 76
1506, 1, 76
1507, 0, 76
1508, 1, 76
1509, 2, 76
1510, 0, 76
1511, 1, 76
1512, 0, 76
1513, 2, 76
1514, 2, 76
1515, 2, 76
1516, 1, 76
1517, 1, 76
1518, 2, 76
1519, 6, 76
1520, 2, 76
1521, 0, 76
1522, 3, 76
1523, 1, 76
1524, 1, 76
1525, 0, 76
1526, 1, 76
1527, 5, 76
1528, 1, 76
1529, 5, 76
1530, 4, 76
1531, 2, 76
1532, 2, 76
1533, 3, 76
1534, 2, 76
1535, 3, 76
1536, 1, 76
1537, 0, 76
1538, 0, 76
1539, 2, 76
1540, 0, 76
1541, 3, 76
1542, 2, 76
1543, 2, 76
1544, 2, 76
1545, 1, 76
1546, 1, 76
1547, 6, 76
1548, 6, 76
1549, 4, 76
1550, 6, 76
1551, 2, 76
1552, 2, 76
1553, 0, 76
1554, 0, 76
1555, 2, 76
1556, 0, 76
1557, 1, 76
1558, 3, 76
1559, 2, 76
1560, 6, 76
1561, 2, 76
1562, 5, 76
1563, 1, 76
1564, 1, 76
1565, 3, 76
1566, 3, 76
1567, 2, 76
1568, 2, 76
1569, 4, 76
1570, 6, 76
1571, 2, 76
1572, 2, 76
1573, 1, 76
1574, 3, 76
1575, 0, 76
1576, 6, 76
1577, 6, 76
1578, 1, 76
1579, 4, 76
1580, 1, 76
1581, 2, 76
1582, 2, 76
1583, 1, 76
1584, 0, 76
1585, 7, 76
1586, 3, 76
1587, 1, 76
1588, 3, 76
1589, 3, 76
1590, 2, 76
1591, 2, 76
1592, 2, 76
1593, 4, 76
1594, 4, 76
1595, 0, 76
1596, 2, 76
1597, 0, 76
1598, 1, 76
1599, 2, 76
1600, 1, 76
1601, 0, 76
1602, 4, 76
1603, 4, 76
1604, 1, 76
1605, 1, 76
1606, 2, 76
1607, 3, 76
1608, 0, 76
1609, 1, 76
1610, 2, 76
1611, 3, 76
1612, 3, 76
1613, 5, 76
1614, 0, 76
1615, 2, 76
1616, 4, 76
1617, 1, 76
1618, 2, 76
1619, 1, 76
1620, 2, 76
1621, 0, 76
1622, 0, 76
1623, 3, 76
1624, 2, 76
1625, 2, 76
1626, 1, 76
1627, 2, 76
1628, 2, 76
1629, 1, 76
1630, 7, 76
1631, 2, 76
1632, 3, 76
1633, 2, 76
1634, 6, 76
1635, 1, 76
1636, 2, 76
1637, 3, 76
1638, 1, 76
1639, 3, 76
1640, 7, 76
1641, 5, 76
1642, 2, 76
1643, 5, 76
1644, 5, 76
1645, 3, 76
1646, 1, 76
1647, 1, 76
1648, 2, 76
1649, 3, 76
1650, 1, 76
1651, 2, 76
1652, 4, 76
1653, 1, 76
1654, 1, 76
1655, 7, 76
1656, 2, 76
1657, 4, 76
1658, 3, 76
1659, 2, 76
1660, 0, 76
1661, 0, 76
1662, 3, 76
1663, 2, 76
1664, 2, 76
1665, 3, 76
1666, 2, 76
1667, 5, 76
1668, 1, 76
1669, 1, 76
1670, 1, 76
1671, 2, 76
1672, 0, 76
1673, 0, 76
1674, 0, 76
1675, 1, 76
1676, 2, 76
1677, 7, 76
1678, 2, 76
1679, 0, 76
1680, 3, 76
1681, 1, 76
1682, 1, 76
1683, 2, 76
1684, 0, 76
1685, 3, 76
1686, 1, 76
1687, 2, 76
1688, 2, 76
1689, 5, 76
1690, 3, 76
1691, 5, 76
1692, 1, 76
1693, 4, 76
1694, 2, 76
1695, 1, 76
1696, 3, 76
1697, 0, 76
1698, 3, 76
1699, 2, 76
1700, 2, 76
1701, 4, 76
1702, 2, 76
1703, 2, 76
1704, 2, 76
1705, 3, 76
1706, 1, 76
1707, 1, 76
1708, 0, 76
1709, 2, 76
1710, 1, 76
1711, 3, 76
1712, 0, 76
1713, 2, 76
1714, 6, 76
1715, 2, 76
1716, 1, 76
1717, 3, 76
1718, 4, 76
1719, 2, 76
1720, 2, 76
1721, 1, 76
1722, 5, 76
1723, 4, 76
1724, 0, 76
1725, 1, 76
1726, 4, 76
1727, 3, 76
1728, 3, 76
1729, 0, 76
1730, 4, 76
1731, 1, 76
1732, 0, 76
1733, 2, 76
1734, 0, 76
1735, 1, 76
1736, 2, 76
1737, 2, 76
1738, 1, 76
1739, 1, 76
1740, 2, 76
1741, 0, 76
1742, 3, 76
1743, 1, 76
1744, 1, 76
1745, 0, 76
1746, 4, 76
1747, 4, 76
1748, 6, 76
1749, 3, 76
1750, 2, 76
1751, 2, 76
1752, 2, 76
1753, 4, 76
1754, 2, 76
1755, 0, 76
1756, 2, 76
1757, 1, 76
1758, 2, 76
1759, 0, 76
1760, 0, 76
1761, 1, 76
1762, 3, 76
1763, 1, 76
1764, 0, 76
1765, 4, 76
1766, 1, 76
1767, 1, 76
1768, 2, 76
1769, 1, 76
1770, 3, 76
1771, 2, 76
1772, 2, 76
1773, 2, 76
1774, 1, 76
1775, 1, 76
1776, 2, 76
1777, 2, 76
1778, 1, 76
1779, 2, 76
1780, 2, 76
1781, 2, 76
1782, 2, 76
1783, 1, 76
1784, 1, 76
1785, 2, 76
1786, 1, 76
1787, 1, 76
1788, 3, 76
1789, 0, 76
1790, 1, 76
1791, 0, 76
1792, 0, 76
1793, 0, 76
1794, 1, 76
1795, 1, 76
1796, 2, 76
1797, 0, 76
1798, 1, 76
1799, 2, 76
1800, 1, 76
1801, 3, 76
1802, 2, 76
1803, 2, 76
1804, 1, 76
1805, 1, 76
1806, 2, 76
1807, 2, 76
1808, 1, 76
1809, 0, 76
1810, 3, 76
1811, 2, 76
1812, 2, 76
1813, 4, 76
1814, 0, 76
1815, 1, 76
1816, 2, 76
1817, 0, 76
1818, 0, 76
1819, 3, 76
1820, 0, 76
1821, 2, 76
1822, 2, 76
1823, 2, 76
1824, 2, 76
1825, 1, 76
1826, 0, 76
1827, 4, 76
1828, 2, 76
1829, 1, 76
1830, 3, 76
1831, 2, 76
1832, 4, 76
1833, 3, 76
1834, 6, 76
1835, 4, 76
1836, 1, 76
1837, 0, 76
1838, 0, 76
1839, 0, 76
1840, 1, 76
1841, 1, 76
1842, 2, 76
1843, 3, 76
1844, 2, 76
1845, 3, 76
1846, 0, 76
1847, 2, 76
1848, 2, 76
1849, 10, 76
1850, 2, 76
1851, 1, 76
1852, 3, 76
1853, 2, 76
1854, 1, 76
1855, 0, 76
1856, 1, 76
1857, 0, 76
1858, 3, 76
1859, 0, 76
1860, 3, 76
1861, 1, 76
1862, 0, 76
1863, 2, 76
1864, 2, 76
1865, 1, 76
1866, 2, 76
1867, 2, 76
1868, 2, 76
1869, 1, 76
1870, 1, 76
1871, 3, 76
1872, 1, 76
1873, 2, 76
1874, 1, 76
1875, 1, 76
1876, 2, 76
1877, 4, 76
1878, 0, 76
1879, 2, 76
1880, 1, 76
1881, 2, 76
1882, 0, 76
1883, 6, 76
1884, 2, 76
1885, 4, 76
1886, 2, 76
1887, 1, 76
1888, 7, 76
1889, 1, 76
1890, 1, 76
1891, 1, 76
1892, 2, 76
1893, 5, 76
1894, 3, 76
1895, 3, 76
1896, 2, 76
1897, 2, 76
1898, 2, 76
1899, 2, 76
1900, 0, 76
1901, 1, 76
1902, 0, 76
1903, 5, 76
1904, 4, 76
1905, 1, 76
1906, 1, 76
1907, 3, 76
1908, 1, 76
1909, 2, 76
1910, 0, 76
1911, 1, 76
1912, 1, 76
1913, 1, 76
1914, 1, 76
1915, 1, 76
1916, 1, 76
1917, 1, 76
1918, 2, 76
1919, 1, 76
1920, 4, 76
1921, 2, 76
1922, 1, 76
1923, 1, 76
1924, 7, 76
1925, 3, 76
1926, 2, 76
1927, 2, 76
1928, 6, 76
1929, 3, 76
1930, 3, 76
1931, 1, 76
1932, 5, 76
1933, 0, 76
1934, 1, 76
1935, 2, 76
1936, 2, 76
1937, 3, 76
1938, 2, 76
1939, 2, 76
1940, 1, 76
1941, 1, 76
1942, 1, 76
1943, 1, 76
1944, 2, 76
1945, 0, 76
1946, 1, 76
1947, 0, 76
1948, 1, 76
1949, 2, 76
1950, 1, 76
1951, 2, 76
1952, 1, 76
1953, 1, 76
1954, 1, 76
1955, 1, 76
1956, 1, 76
1957, 1, 76
1958, 0, 76
1959, 1, 76
1960, 2, 76
1961, 2, 76
1962, 0, 76
1963, 2, 76
1964, 1, 76
1965, 2, 76
1966, 5, 76
1967, 0, 76
1968, 1, 76
1969, 1, 76
1970, 1, 76
1971, 2, 76
1972, 1, 76
1973, 1, 76
1974, 2, 76
1975, 1, 76
1976, 2, 76
1977, 1, 76
1978, 1, 76
1979, 2, 76
1980, 3, 76
1981, 1, 76
1982, 1, 76
1983, 3, 76
1984, 2, 76
1985, 1, 76
1986, 1, 76
1987, 2, 76
1988, 1, 76
1989, 2, 76
1990, 1, 76
1991, 2, 76
1992, 0, 76
1993, 3, 76
1994, 1, 76
1995, 0, 76
1996, 1, 76
1997, 3, 76
1998, 2, 76
1999, 2, 76
2000, 1, 76
2001, 2, 76
2002, 4, 76
2003, 1, 76
2004, 0, 76
2005, 1, 76
2006, 1, 76
2007, 1, 76
2008, 2, 76
2009, 2, 76
2010, 0, 76
2011, 3, 76
2012, 1, 76
2013, 1, 76
2014, 3, 76
2015, 1, 76
2016, 1, 76
2017, 3, 76
2018, 1, 76
2019, 0, 76
2020, 2, 76
2021, 8, 76
2022, 1, 76
2023, 1, 76
2024, 1, 76
2025, 1, 76
2026, 0, 76
2027, 1, 76
2028, 1, 76
2029, 2, 76
2030, 1, 76
2031, 1, 76
2032, 3, 76
2033, 2, 76
2034, 1, 76
2035, 2, 76
2036, 1, 76
2037, 0, 76
2038, 2, 76
2039, 0, 76
2040, 1, 76
2041, 1, 76
2042, 1, 76
2043, 3, 76
2044, 0, 76
2045, 1, 76
2046, 3, 76
2047, 5, 76
2048, 2, 76
2049, 2, 76
2050, 2, 76
2051, 2, 76
2052, 2, 76
2053, 2, 76
2054, 0, 76
2055, 1, 76
2056, 3, 76
2057, 4, 76
2058, 1, 76
2059, 1, 76
2060, 2, 76
2061, 3, 76
2062, 2, 76
2063, 1, 76
2064, 0, 76
2065, 1, 76
2066, 2, 76
2067, 2, 76
2068, 2, 76
2069, 2, 76
1, 0, 0
2, 0, 0
3, 0, 0
4, 0, 0
5, 0, 0
6, 0, 0
7, 0, 0
8, 0, 0
9, 0, 0
10, 0, 0
11, 0, 0
12, 0, 0
13, 0, 0
14, 0, 0
15, 0, 0
16, 0, 0
17, 0, 0
18, 0, 0
19, 0, 0
20, 0, 0
21, 0, 0
22, 0, 0
23, 0, 0
24, 0, 0
25, 0, 0
26, 0, 0
27, 0, 0
28, 0, 0
29, 0, 0
30, 0, 0
31, 0, 0
32, 0, 0
33, 0, 0
34, 0, 0
35, 0, 0
36, 0, 0
37, 0, 0
38, 0, 0
39, 0, 0
40, 0, 0
41, 0, 0
42, 0, 0
43, 0, 0
44, 0, 0
45, 0, 0
46, 0, 0
47, 0, 0
48, 0, 0
49, 0, 0
50, 0, 0
51, 0, 0
52, 0, 0
53, 0, 0
54, 0, 0
55, 0, 0
56, 0, 0
57, 0, 0
58, 0, 0
59, 0, 0
60, 0, 0
61, 0, 0
62, 0, 0
63, 0, 0
64, 0, 0
65, 0, 0
66, 0, 0
67, 0, 0
68, 0, 0
69, 0, 0
70, 0, 0
71, 0, 0
72, 0, 0
73, 0, 0
74, 0, 0
75, 0, 0
76, 0, 0
77, 0, 0
78, 0, 0
79, 0, 0
80, 1, 1
81, 0, 1
82, 0, 1
83, 0, 1
84, 0, 1
85, 1, 1
86, 0, 1
87, 1, 1
88, 0, 1
89, 0, 1
90, 1, 1
91, 0, 1
92, 0, 1
93, 1, 1
94, 0, 1
95, 0, 1
96, 0, 1
97, 0, 1
98, 0, 1
99, 0, 1
100, 0, 1
101, 0, 1
102, 0, 1
103, 0, 1
104, 0, 1
105, 0, 1
106, 0, 1
107, 0, 1
108, 1, 1
109, 0, 1
110, 0, 1
111, 0, 1
112, 1, 1
113, 0, 1
114, 1, 1
115, 0, 1
116, 0, 1
117, 1, 1
118, 0, 1
119, 0, 1
120, 1, 1
121, 0, 1
122, 1, 1
123, 0, 1
124, 0, 1
125, 0, 1
126, 0, 1
127, 1, 1
128, 0, 1
129, 0, 1
130, 0, 1
131, 1, 1
132, 0, 1
133, 0, 1
134, 0, 1
135, 0, 1
136, 0, 1
137, 1, 1
138, 0, 1
139, 0, 1
140, 1, 1
141, 0, 1
142, 0, 1
143, 1, 1
144, 0, 1
145, 0, 1
146, 0, 1
147, 1, 1
148, 1, 1
149, 1, 1
150, 2, 2
151, 0, 2
152, 1, 2
153, 1, 2
154, 1, 2
155, 0, 2
156, 0, 2
157, 1, 2
158, 0, 2
159, 0, 2
160, 1, 2
161, 0, 2
162, 0, 2
163, 1, 2
164, 0, 2
165, 0, 2
166, 0, 2
167, 0, 2
168, 0, 2
169, 0, 2
170, 1, 2
171, 0, 2
172, 0, 2
173, 2, 2
174, 0, 2
175, 0, 2
176, 0, 2
177, 0, 2
178, 2, 2
179, 0, 2
180, 0, 2
181, 0, 2
182, 0, 2
183, 2, 2
184, 0, 2
185, 2, 2
186, 0, 2
187, 1, 2
188, 0, 2
189, 0, 2
190, 0, 2
191, 0, 2
192, 0, 2
193, 2, 2
194, 1, 2
195, 0, 2
196, 0, 2
197, 0, 2
198, 1, 2
199, 0, 2
200, 0, 2
201, 0, 2
202, 0, 2
203, 1, 2
204, 0, 2
205, 0, 2
206, 0, 2
207, 2, 2
208, 1, 2
209, 0, 2
210, 0, 2
211, 0, 2
212, 0, 2
213, 0, 2
214, 1, 2
215, 0, 2
216, 0, 2
217, 1, 2
218, 0, 2
219, 1, 2
220, 1, 2
221, 0, 2
222, 1, 2
223, 0, 2
224, 0, 2
225, 0, 2
226, 0, 2
227, 1, 2
228, 0, 2
229, 1, 2
230, 1, 2
231, 2, 2
232, 1, 2
233, 0, 2
234, 0, 2
235, 1, 2
236, 1, 2
237, 0, 2
238, 0, 2
239, 2, 2
240, 0, 2
241, 1, 2
242, 0, 2
243, 1, 2
244, 6, 6
245, 1, 6
246, 0, 6
247, 1, 6
248, 0, 6
249, 0, 6
250, 0, 6
251, 1, 6
252, 2, 6
253, 0, 6
254, 2, 6
255, 0, 6
256, 0, 6
257, 0, 6
258, 0, 6
259, 0, 6
260, 0, 6
261, 0, 6
262, 0, 6
263, 0, 6
264, 0, 6
265, 0, 6
266, 1, 6
267, 0, 6
268, 0, 6
269, 1, 6
270, 0, 6
271, 2, 6
272, 3, 6
273, 0, 6
274, 2, 6
275, 2, 6
276, 1, 6
277, 0, 6
278, 0, 6
279, 4, 6
280, 0, 6
281, 0, 6
282, 2, 6
283, 0, 6
284, 1, 6
285, 0, 6
286, 0, 6
287, 1, 6
288, 0, 6
289, 0, 6
290, 0, 6
291, 2, 6
292, 1, 6
293, 0, 6
294, 0, 6
295, 1, 6
296, 1, 6
297, 1, 6
298, 0, 6
299, 0, 6
300, 0, 6
301, 2, 6
302, 2, 6
303, 4, 6
304, 2, 6
305, 0, 6
306, 0, 6
307, 2, 6
308, 1, 6
309, 1, 6
310, 0, 6
311, 0, 6
312, 6, 6
313, 1, 6
314, 1, 6
315, 3, 6
316, 0, 6
317, 1, 6
318, 7, 7
319, 0, 7
320, 0, 7
321, 0, 7
322, 2, 7
323, 13, 13
324, 0, 13
325, 11, 13
326, 4, 13
327, 0, 13
328, 2, 13
329, 0, 13
330, 0, 13
331, 0, 13
332, 0, 13
333, 3, 13
334, 0, 13
335, 4, 13
336, 0, 13
337, 0, 13
338, 1, 13
339, 0, 13
340, 5, 13
341, 3, 13
342, 1, 13
343, 0, 13
344, 0, 13
345, 0, 13
346, 2, 13
347, 0, 13
348, 7, 13
349, 1, 13
350, 4, 13
351, 1, 13
352, 0, 13
353, 0, 13
354, 0, 13
355, 2, 13
356, 0, 13
357, 1, 13
358, 0, 13
359, 2, 13
360, 1, 13
361, 3, 13
362, 0, 13
363, 1, 13
364, 1, 13
365, 0, 13
366, 1, 13
367, 0, 13
368, 0, 13
369, 2, 13
370, 5, 13
371, 0, 13
372, 0, 13
373, 0, 13
374, 0, 13
375, 2, 13
376, 1, 13
377, 1, 13
378, 0, 13
379, 3, 13
380, 0, 13
381, 1, 13
382, 1, 13
383, 1, 13
384, 7, 13
385, 7, 13
386, 4, 13
387, 0, 13
388, 0, 13
389, 0, 13
390, 0, 13
391, 0, 13
392, 5, 13
393, 1, 13
394, 0, 13
395, 2, 13
396, 0, 13
397, 2, 13
398, 0, 13
399, 0, 13
400, 0, 13
401, 1, 13
402, 0, 13
403, 8, 13
404, 0, 13
405, 3, 13
406, 2, 13
407, 3, 13
408, 0, 13
409, 0, 13
410, 0, 13
411, 1, 13
412, 0, 13
413, 9, 13
414, 0, 13
415, 3, 13
416, 0, 13
417, 3, 13
418, 1, 13
419, 5, 13
420, 0, 13
421, 0, 13
422, 0, 13
423, 1, 13
424, 8, 13
425, 2, 13
426, 0, 13
427, 1, 13
428, 0, 13
429, 1, 13
430, 0, 13
431, 3, 13
432, 0, 13
433, 4, 13
434, 5, 13
435, 1, 13
436, 1, 13
437, 0, 13
438, 4, 13
439, 3, 13
440, 3, 13
441, 0, 13
442, 1, 13
443, 1, 13
444, 0, 13
445, 0, 13
446, 4, 13
447, 9, 13
448, 1, 13
449, 0, 13
450, 5, 13
451, 4, 13
452, 0, 13
453, 0, 13
454, 0, 13
455, 0, 13
456, 1, 13
457, 1, 13
458, 0, 13
459, 0, 13
460, 8, 13
461, 1, 13
462, 0, 13
463, 2, 13
464, 1, 13
465, 0, 13
466, 10, 13
467, 5, 13
468, 4, 13
469, 4, 13
470, 10, 13
471, 0, 13
472, 10, 13
473, 3, 13
474, 0, 13
475, 0, 13
476, 1, 13
477, 0, 13
478, 0, 13
479, 0, 13
480, 3, 13
481, 4, 13
482, 0, 13
483, 1, 13
484, 7, 13
485, 0, 13
486, 0, 13
487, 0, 13
488, 8, 13
489, 3, 13
490, 1, 13
491, 3, 13
492, 2, 13
493, 0, 13
494, 2, 13
495, 3, 13
496, 4, 13
497, 2, 13
498, 0, 13
499, 0, 13
500, 7, 13
501, 3, 13
502, 2, 13
503, 1, 13
504, 0, 13
505, 2, 13
506, 0, 13
507, 1, 13
508, 4, 13
509, 5, 13
510, 1, 13
511, 5, 13
512, 0, 13
513, 7, 13
514, 3, 13
515, 0, 13
516, 1, 13
517, 1, 13
518, 0, 13
519, 3, 13
520, 0, 13
521, 10, 13
522, 4, 13
523, 1, 13
524, 2, 13
525, 0, 13
526, 0, 13
527, 0, 13
528, 7, 13
529, 0, 13
530, 0, 13
531, 0, 13
532, 0, 13
533, 8, 13
534, 3, 13
535, 2, 13
536, 4, 13
537, 5, 13
538, 5, 13
539, 1, 13
540, 0, 13
541, 1, 13
542, 0, 13
543, 3, 13
544, 1, 13
545, 6, 13
546, 0, 13
547, 0, 13
548, 4, 13
549, 3, 13
550, 1, 13
551, 3, 13
552, 0, 13
553, 0, 13
554, 0, 13
555, 3, 13
556, 0, 13
557, 5, 13
558, 6, 13
559, 0, 13
560, 0, 13
561, 7, 13
562, 4, 13
563, 0, 13
564, 0, 13
565, 5, 13
566, 0, 13
567, 5, 13
568, 0, 13
569, 1, 13
570, 0, 13
571, 0, 13
572, 2, 13
573, 3, 13
574, 5, 13
575, 3, 13
576, 2, 13
577, 2, 13
578, 1, 13
579, 0, 13
580, 1, 13
581, 0, 13
582, 1, 13
583, 0, 13
584, 2, 13
585, 10, 13
586, 3, 13
587, 0, 13
588, 2, 13
589, 3, 13
590, 0, 13
591, 3, 13
592, 8, 13
593, 2, 13
594, 0, 13
595, 1, 13
596, 1, 13
597, 2, 13
598, 4, 13
599, 1, 13
600, 4, 13
601, 5, 13
602, 0, 13
603, 5, 13
604, 3, 13
605, 1, 13
606, 1, 13
607, 1, 13
608, 0, 13
609, 3, 13
610, 2, 13
611, 2, 13
612, 2, 13
613, 0, 13
614, 3, 13
615, 0, 13
616, 3, 13
617, 0, 13
618, 3, 13
619, 0, 13
620, 1, 13
621, 1, 13
622, 0, 13
623, 5, 13
624, 5, 13
625, 1, 13
626, 0, 13
627, 5, 13
628, 5, 13
629, 1, 13
630, 2, 13
631, 5, 13
632, 0, 13
633, 0, 13
634, 2, 13
635, 7, 13
636, 0, 13
637, 0, 13
638, 0, 13
639, 0, 13
640, 0, 13
641, 2, 13
642, 0, 13
643, 0, 13
644, 0, 13
645, 1, 13
646, 0, 13
647, 0, 13
648, 1, 13
649, 0, 13
650, 6, 13
651, 0, 13
652, 8, 13
653, 5, 13
654, 1, 13
655, 4, 13
656, 16, 16
657, 15, 16
658, 0, 16
659, 2, 16
660, 5, 16
661, 0, 16
662, 4, 16
663, 1, 16
664, 2, 16
665, 4, 16
666, 0, 16
667, 0, 16
668, 2, 16
669, 5, 16
670, 8, 16
671, 8, 16
672, 1, 16
673, 7, 16
674, 0, 16
675, 0, 16
676, 0, 16
677, 0, 16
678, 0, 16
679, 0, 16
680, 6, 16
681, 0, 16
682, 6, 16
683, 2, 16
684, 4, 16
685, 16, 16
686, 7, 16
687, 3, 16
688, 5, 16
689, 13, 16
690, 2, 16
691, 4, 16
692, 2, 16
693, 0, 16
694, 5, 16
695, 2, 16
696, 2, 16
697, 0, 16
698, 2, 16
699, 4, 16
700, 2, 16
701, 1, 16
702, 0, 16
703, 0, 16
704, 1, 16
705, 2, 16
706, 2, 16
707, 1, 16
708, 5, 16
709, 0, 16
710, 4, 16
711, 1, 16
712, 3, 16
713, 7, 16
714, 2, 16
715, 1, 16
716, 0, 16
717, 4, 16
718, 0, 16
719, 5, 16
720, 0, 16
721, 3, 16
722, 6, 16
723, 4, 16
724, 0, 16
725, 0, 16
726, 4, 16
727, 0, 16
728, 1, 16
729, 2, 16
730, 5, 16
731, 3, 16
732, 0, 16
733, 0, 16
734, 0, 16
735, 4, 16
736, 7, 16
737, 6, 16
738, 16, 16
739, 8, 16
740, 4, 16
741, 5, 16
742, 3, 16
743, 3, 16
744, 0, 16
745, 0, 16
746, 4, 16
747, 5, 16
748, 1, 16
749, 0, 16
750, 15, 16
751, 7, 16
752, 2, 16
753, 0, 16
754, 8, 16
755, 1, 16
756, 2, 16
757, 12, 16
758, 4, 16
759, 0, 16
760, 1, 16
761, 3, 16
762, 1, 16
763, 0, 16
764, 2, 16
765, 7, 16
766, 4, 16
767, 1, 16
768, 3, 16
769, 1, 16
770, 3, 16
771, 1, 16
772, 0, 16
773, 4, 16
774, 4, 16
775, 0, 16
776, 24, 24
777, 1, 24
778, 0, 24
779, 2, 24
780, 8, 24
781, 0, 24
782, 2, 24
783, 3, 24
784, 0, 24
785, 1, 24
786, 2, 24
787, 6, 24
788, 1, 24
789, 0, 24
790, 0, 24
791, 4, 24
792, 3, 24
793, 6, 24
794, 1, 24
795, 0, 24
796, 0, 24
797, 2, 24
798, 3, 24
799, 1, 24
800, 7, 24
801, 1, 24
802, 1, 24
803, 3, 24
804, 0, 24
805, 0, 24
806, 5, 24
807, 0, 24
808, 4, 24
809, 0, 24
810, 5, 24
811, 2, 24
812, 1, 24
813, 1, 24
814, 1, 24
815, 0, 24
816, 0, 24
817, 2, 24
818, 0, 24
819, 0, 24
820, 4, 24
821, 5, 24
822, 0, 24
823, 0, 24
824, 3, 24
825, 0, 24
826, 0, 24
827, 3, 24
828, 0, 24
829, 0, 24
830, 6, 24
831, 3, 24
832, 0, 24
833, 0, 24
834, 9, 24
835, 3, 24
836, 1, 24
837, 5, 24
838, 1, 24
839, 0, 24
840, 4, 24
841, 2, 24
842, 0, 24
843, 0, 24
844, 0, 24
845, 0, 24
846, 8, 24
847, 3, 24
848, 0, 24
849, 0, 24
850, 0, 24
851, 3, 24
852, 1, 24
853, 7, 24
854, 0, 24
855, 0, 24
856, 5, 24
857, 9, 24
858, 0, 24
859, 0, 24
860, 0, 24
861, 1, 24
862, 5, 24
863, 0, 24
864, 10, 24
865, 5, 24
866, 0, 24
867, 0, 24
868, 9, 24
869, 0, 24
870, 2, 24
871, 0, 24
872, 11, 24
873, 0, 24
874, 0, 24
875, 4, 24
876, 2, 24
877, 2, 24
878, 1, 24
879, 0, 24
880, 1, 24
881, 1, 24
882, 7, 24
883, 2, 24
884, 6, 24
885, 0, 24
886, 1, 24
887, 12, 24
888, 2, 24
889, 0, 24
890, 6, 24
891, 0, 24
892, 0, 24
893, 1, 24
894, 0, 24
895, 0, 24
896, 0, 24
897, 3, 24
898, 7, 24
899, 5, 24
900, 4, 24
901, 2, 24
902, 6, 24
903, 7, 24
904, 14, 24
905, 0, 24
906, 0, 24
907, 2, 24
908, 1, 24
909, 4, 24
910, 12, 24
911, 1, 24
912, 3, 24
913, 4, 24
914, 6, 24
915, 0, 24
916, 0, 24
917, 4, 24
918, 2, 24
919, 14, 24
920, 0, 24
921, 6, 24
922, 2, 24
923, 3, 24
924, 2, 24
925, 3, 24
926, 4, 24
927, 0, 24
928, 18, 24
929, 0, 24
930, 5, 24
931, 6, 24
932, 3, 24
933, 3, 24
934, 3, 24
935, 4, 24
936, 6, 24
937, 3, 24
938, 5, 24
939, 0, 24
940, 1, 24
941, 1, 24
942, 0, 24
943, 6, 24
944, 4, 24
945, 3, 24
946, 0, 24
947, 1, 24
948, 1, 24
949, 0, 24
950, 2, 24
951, 13, 24
952, 0, 24
953, 6, 24
954, 1, 24
955, 8, 24
956, 0, 24
957, 1, 24
958, 0, 24
959, 2, 24
960, 0, 24
961, 0, 24
962, 0, 24
963, 7, 24
964, 4, 24
965, 0, 24
966, 3, 24
967, 0, 24
968, 8, 24
969, 2, 24
970, 4, 24
971, 0, 24
972, 7, 24
973, 3, 24
974, 2, 24
975, 6, 24
976, 3, 24
977, 2, 24
978, 0, 24
979, 2, 24
980, 0, 24
981, 6, 24
982, 2, 24
983, 4, 24
984, 11, 24
985, 2, 24
986, 7, 24
987, 7, 24
988, 3, 24
989, 3, 24
990, 4, 24
991, 25, 25
992, 0, 25
993, 3, 25
994, 4, 25
995, 0, 25
996, 1, 25
997, 2, 25
998, 2, 25
999, 2, 25
1000, 8, 25
1001, 3, 25
1002, 2, 25
1003, 1, 25
1004, 1, 25
1005, 5, 25
1006, 3, 25
1007, 2, 25
1008, 0, 25
1009, 1, 25
1010, 4, 25
1011, 0, 25
1012, 0, 25
1013, 0, 25
1014, 5, 25
1015, 0, 25
1016, 12, 25
1017, 1, 25
1018, 3, 25
1019, 11, 25
1020, 7, 25
1021, 1, 25
1022, 2, 25
1023, 3, 25
1024, 0, 25
1025, 1, 25
1026, 0, 25
1027, 4, 25
1028, 0, 25
1029, 6, 25
1030, 2, 25
1031, 1, 25
1032, 1, 25
1033, 3, 25
1034, 3, 25
1035, 4, 25
1036, 0, 25
1037, 0, 25
1038, 0, 25
1039, 4, 25
1040, 6, 25
1041, 0, 25
1042, 0, 25
1043, 5, 25
1044, 0, 25
1045, 0, 25
1046, 3, 25
1047, 5, 25
1048, 6, 25
1049, 2, 25
1050, 0, 25
1051, 2, 25
1052, 8, 25
1053, 0, 25
1054, 11, 25
1055, 6, 25
1056, 2, 25
1057, 9, 25
1058, 2, 25
1059, 3, 25
1060, 1, 25
1061, 2, 25
1062, 2, 25
1063, 2, 25
1064, 3, 25
1065, 0, 25
1066, 2, 25
1067, 6, 25
1068, 4, 25
1069, 2, 25
1070, 5, 25
1071, 2, 25
1072, 2, 25
1073, 0, 25
1074, 0, 25
1075, 1, 25
1076, 3, 25
1077, 2, 25
1078, 2, 25
1079, 0, 25
1080, 2, 25
1081, 0, 25
1082, 4, 25
1083, 4, 25
1084, 3, 25
1085, 2, 25
1086, 10, 25
1087, 0, 25
1088, 5, 25
1089, 0, 25
1090, 7, 25
1091, 2, 25
1092, 0, 25
1093, 2, 25
1094, 4, 25
1095, 2, 25
1096, 0, 25
1097, 1, 25
1098, 2, 25
1099, 1, 25
1100, 3, 25
1101, 5, 25
1102, 8, 25
1103, 4, 25
1104, 4, 25
1105, 1, 25
1106, 6, 25
1107, 4, 25
1108, 0, 25
1109, 4, 25
1110, 0, 25
1111, 4, 25
1112, 0, 25
1113, 7, 25
1114, 3, 25
1115, 4, 25
1116, 6, 25
1117, 2, 25
1118, 0, 25
1119, 3, 25
1120, 9, 25
1121, 2, 25
1122, 4, 25
1123, 5, 25
1124, 6, 25
1125, 5, 25
1126, 9, 25
1127, 0, 25
1128, 12, 25
1129, 3, 25
1130, 0, 25
1131, 9, 25
1132, 0, 25
1133, 0, 25
1134, 0, 25
1135, 4, 25
1136, 6, 25
1137, 5, 25
1138, 0, 25
1139, 14, 25
1140, 0, 25
1141, 6, 25
1142, 4, 25
1143, 8, 25
1144, 4, 25
1145, 1, 25
1146, 8, 25
1147, 3, 25
1148, 6, 25
1149, 5, 25
1150, 1, 25
1151, 2, 25
1152, 8, 25
1153, 6, 25
1154, 2, 25
1155, 9, 25
1156, 17, 25
1157, 0, 25
1158, 2, 25
1159, 0, 25
1160, 7, 25
1161, 5, 25
1162, 4, 25
1163, 5, 25
1164, 4, 25
1165, 1, 25
1166, 2, 25
1167, 0, 25
1168, 9, 25
1169, 6, 25
1170, 10, 25
1171, 10, 25
1172, 8, 25
1173, 5, 25
1174, 5, 25
1175, 1, 25
1176, 0, 25
1177, 0, 25
1178, 0, 25
1179, 15, 25
1180, 17, 25
1181, 0, 25
1182, 0, 25
1183, 16, 25
1184, 1, 25
1185, 12, 25
1186, 0, 25
1187, 0, 25
1188, 1, 25
1189, 2, 25
1190, 2, 25
1191, 4, 25
1192, 1, 25
1193, 0, 25
1194, 4, 25
1195, 12, 25
1196, 3, 25
1197, 4, 25
1198, 5, 25
1199, 0, 25
1200, 0, 25
1201, 10, 25
1202, 2, 25
1203, 4, 25
1204, 4, 25
1205, 2, 25
1206, 4, 25
1207, 3, 25
1208, 0, 25
1209, 2, 25
1210, 0, 25
1211, 3, 25
1212, 2, 25
1213, 9, 25
1214, 7, 25
1215, 0, 25
1216, 9, 25
1217, 0, 25
1218, 0, 25
1219, 1, 25
1220, 4, 25
1221, 2, 25
1222, 0, 25
1223, 2, 25
1224, 8, 25
1225, 0, 25
1226, 3, 25
1227, 2, 25
1228, 2, 25
1229, 4, 25
1230, 0, 25
1231, 5, 25
1232, 3, 25
1233, 1, 25
1234, 7, 25
1235, 3, 25
1236, 0, 25
1237, 3, 25
1238, 0, 25
1239, 7, 25
1240, 3, 25
1241, 1, 25
1242, 7, 25
1243, 3, 25
1244, 3, 25
1245, 5, 25
1246, 3, 25
1247, 0, 25
1248, 2, 25
1249, 0, 25
1250, 4, 25
1251, 2, 25
1252, 9, 25
1253, 8, 25
1254, 13, 25
1255, 1, 25
1256, 0, 25
1257, 2, 25
1258, 0, 25
1259, 7, 25
1260, 1, 25
1261, 2, 25
1262, 5, 25
1263, 2, 25
1264, 2, 25
1265, 4, 25
1266, 4, 25
1267, 13, 25
1268, 3, 25
1269, 2, 25
1270, 0, 25
1271, 0, 25
1272, 15, 25
1273, 2, 25
1274, 0, 25
1275, 3, 25
1276, 1, 25
1277, 4, 25
1278, 0, 25
1279, 4, 25
1280, 1, 25
1281, 1, 25
1282, 1, 25
1283, 3, 25
1284, 1, 25
1285, 1, 25
1286, 7, 25
1287, 5, 25
1288, 2, 25
1289, 4, 25
1290, 0, 25
1291, 0, 25
1292, 1, 25
1293, 1, 25
1294, 0, 25
1295, 8, 25
1296, 1, 25
1297, 1, 25
1298, 4, 25
1299, 1, 25
1300, 2, 25
1301, 3, 25
1302, 0, 25
1303, 2, 25
1304, 2, 25
1305, 3, 25
1306, 8, 25
1307, 7, 25
1308, 5, 25
1309, 1, 25
1310, 2, 25
1311, 2, 25
1312, 1, 25
1313, 0, 25
1314, 1, 25
1315, 0, 25
1316, 0, 25
1317, 4, 25
1318, 0, 25
1319, 7, 25
1320, 18, 25
1321, 2, 25
1322, 2, 25
1323, 1, 25
1324, 0, 25
1325, 1, 25
1326, 0, 25
1327, 3, 25
1328, 3, 25
1329, 4, 25
1330, 1, 25
1331, 0, 25
1332, 4, 25
1333, 1, 25
1334, 2, 25
1335, 6, 25
1336, 1, 25
1337, 0, 25
1338, 0, 25
1339, 1, 25
1340, 0, 25
1341, 3, 25
1342, 3, 25
1343, 8, 25
1344, 1, 25
1345, 8, 25
1346, 1, 25
1347, 0, 25
1348, 1, 25
1349, 0, 25
1350, 0, 25
1351, 3, 25
1352, 2, 25
1353, 9, 25
1354, 9, 25
1355, 12, 25
1356, 9, 25
1357, 0, 25
1358, 5, 25
1359, 6, 25
1360, 0, 25
1361, 8, 25
1362, 3, 25
1363, 11, 25
1364, 5, 25
1365, 0, 25
1366, 4, 25
1367, 4, 25
1368, 3, 25
1369, 5, 25
1370, 0, 25
1371, 0, 25
1372, 5, 25
1373, 2, 25
1374, 3, 25
1375, 3, 25
1376, 2, 25
1377, 1, 25
1378, 3, 25
1379, 0, 25
1380, 1, 25
1381, 12, 25
1382, 3, 25
1383, 8, 25
1384, 2, 25
1385, 1, 25
1386, 2, 25
1387, 0, 25
1388, 4, 25
1389, 5, 25
1390, 3, 25
1391, 8, 25
1392, 0, 25
1393, 10, 25
1394, 0, 25
1395, 0, 25
1396, 0, 25
1397, 7, 25
1398, 9, 25
1399, 3, 25
1400, 3, 25
1401, 3, 25
1402, 2, 25
1403, 4, 25
1404, 4, 25
1405, 4, 25
1406, 3, 25
1407, 0, 25
1408, 1, 25
1409, 6, 25
1410, 3, 25
1411, 3, 25
1412, 0, 25
1413, 0, 25
1414, 9, 25
1415, 0, 25
1416, 1, 25
1417, 14, 25
1418, 4, 25
1419, 7, 25
1420, 4, 25
1421, 0, 25
1422, 0, 25
1423, 7, 25
1424, 2, 25
1425, 12, 25
1426, 7, 25
1427, 0, 25
1428, 1, 25
1429, 4, 25
1430, 2, 25
1431, 10, 25
1432, 0, 25
1433, 6, 25
1434, 6, 25
1435, 8, 25
1436, 3, 25
1437, 0, 25
1438, 4, 25
1439, 7, 25
1440, 6, 25
1441, 3, 25
1442, 2, 25
1443, 3, 25
1444, 6, 25
1445, 7, 25
1446, 4, 25
1447, 1, 25
1448, 2, 25
1449, 2, 25
1450, 1, 25
1451, 3, 25
1452, 0, 25
1453, 2, 25
1454, 4, 25
1455, 5, 25
1456, 5, 25
1457, 1, 25
1458, 5, 25
1459, 5, 25
1460, 8, 25
1461, 10, 25
1462, 4, 25
1463, 13, 25
1464, 6, 25
1465, 5, 25
1466, 4, 25
1467, 2, 25
1468, 1, 25
1469, 5, 25
1470, 0, 25
1471, 0, 25
1472, 7, 25
1473, 0, 25
1474, 2, 25
1475, 4, 25
1476, 7, 25
1477, 0, 25
1478, 5, 25
1479, 0, 25
1480, 9, 25
1481, 0, 25
1482, 5, 25
1483, 7, 25
1484, 2, 25
1485, 6, 25
1486, 0, 25
1487, 0, 25
1488, 11, 25
1489, 3, 25
1490, 2, 25
1491, 2, 25
1492, 1, 25
1493, 10, 25
1494, 18, 25
1495, 1, 25
1496, 1, 25
1497, 2, 25
1498, 1, 25
1499, 1, 25
1500, 1, 25
1501, 3, 25
1502, 0, 25
1503, 6, 25
1504, 3, 25
1505, 1, 25
1506, 6, 25
1507, 1, 25
1508, 4, 25
1509, 2, 25
1510, 6, 25
1511, 1, 25
1512, 2, 25
1513, 0, 25
1514, 1, 25
1515, 2, 25
1516, 1, 25
1517, 3, 25
1518, 2, 25
1519, 3, 25
1520, 5, 25
1521, 0, 25
1522, 1, 25
1523, 0, 25
1524, 0, 25
1525, 2, 25
1526, 0, 25
1527, 1, 25
1528, 0, 25
1529, 2, 25
1530, 1, 25
1531, 1, 25
1532, 1, 25
1533, 1, 25
1534, 3, 25
1535, 8, 25
1536, 4, 25
1537, 2, 25
1538, 1, 25
1539, 3, 25
1540, 0, 25
1541, 1, 25
1542, 7, 25
1543, 5, 25
1544, 2, 25
1545, 0, 25
1546, 3, 25
1547, 0, 25
1548, 1, 25
1549, 3, 25
1550, 5, 25
1551, 0, 25
1552, 6, 25
1553, 2, 25
1554, 6, 25
1555, 3, 25
1556, 5, 25
1557, 4, 25
1558, 3, 25
1559, 0, 25
1560, 0, 25
1561, 3, 25
1562, 2, 25
1563, 2, 25
1564, 1, 25
1565, 5, 25
1566, 0, 25
1567, 2, 25
1568, 1, 25
1569, 2, 25
1570, 0, 25
1571, 3, 25
1572, 6, 25
1573, 4, 25
1574, 1, 25
1575, 2, 25
1576, 2, 25
1577, 1, 25
1578, 1, 25
1579, 0, 25
1580, 1, 25
1581, 0, 25
1582, 5, 25
1583, 0, 25
1584, 2, 25
1585, 0, 25
1586, 5, 25
1587, 2, 25
1588, 0, 25
1589, 10, 25
1590, 6, 25
1591, 0, 25
1592, 3, 25
1593, 3, 25
1594, 0, 25
1595, 0, 25
1596, 0, 25
1597, 6, 25
1598, 0, 25
1599, 3, 25
1600, 0, 25
1601, 5, 25
1602, 2, 25
1603, 2, 25
1604, 3, 25
1605, 6, 25
1606, 1, 25
1607, 2, 25
1608, 4, 25
1609, 2, 25
1610, 3, 25
1611, 1, 25
1612, 2, 25
1613, 2, 25
1614, 0, 25
1615, 0, 25
1616, 4, 25
1617, 4, 25
1618, 2, 25
1619, 2, 25
1620, 0, 25
1621, 1, 25
1622, 0, 25
1623, 6, 25
1624, 3, 25
1625, 11, 25
1626, 2, 25
1627, 0, 25
1628, 1, 25
1629, 1, 25
1630, 3, 25
1631, 1, 25
1632, 1, 25
1633, 6, 25
1634, 4, 25
1635, 5, 25
1636, 4, 25
1637, 11, 25
1638, 2, 25
1639, 3, 25
1640, 8, 25
1641, 3, 25
1642, 0, 25
1643, 8, 25
1644, 0, 25
1645, 3, 25
1646, 0, 25
1647, 1, 25
1648, 2, 25
1649, 2, 25
1650, 3, 25
1651, 1, 25
1652, 5, 25
1653, 3, 25
1654, 0, 25
1655, 1, 25
1656, 1, 25
1657, 0, 25
1658, 5, 25
1659, 2, 25
1660, 6, 25
1661, 1, 25
1662, 0, 25
1663, 6, 25
1664, 9, 25
1665, 6, 25
1666, 8, 25
1667, 5, 25
1668, 2, 25
1669, 1, 25
1670, 2, 25
1671, 1, 25
1672, 3, 25
1673, 1, 25
1674, 1, 25
1675, 2, 25
1676, 0, 25
1677, 0, 25
1678, 5, 25
1679, 3, 25
1680, 1, 25
1681, 3, 25
1682, 1, 25
1683, 3, 25
1684, 2, 25
1685, 1, 25
1686, 0, 25
1687, 4, 25
1688, 1, 25
1689, 0, 25
1690, 2, 25
1691, 4, 25
1692, 4, 25
1693, 3, 25
1694, 1, 25
1695, 1, 25
1696, 2, 25
1697, 4, 25
1698, 1, 25
1699, 1, 25
1700, 2, 25
1701, 1, 25
1702, 1, 25
1703, 0, 25
1704, 3, 25
1705, 4, 25
1706, 1, 25
1707, 2, 25
1708, 1, 25
1709, 2, 25
1710, 2, 25
1711, 2, 25
1712, 1, 25
1713, 1, 25
1714, 2, 25
1715, 0, 25
1716, 1, 25
1717, 4, 25
1718, 1, 25
1719, 4, 25
1720, 2, 25
1721, 5, 25
1722, 2, 25
1723, 1, 25
1724, 2, 25
1725, 0, 25
1726, 3, 25
1727, 0, 25
1728, 1, 25
1729, 1, 25
1730, 1, 25
1731, 5, 25
1732, 1, 25
1733, 0, 25
1734, 3, 25
1735, 0, 25
1736, 2, 25
1737, 1, 25
1738, 5, 25
1739, 2, 25
1740, 0, 25
1741, 1, 25
1742, 1, 25
1743, 0, 25
1744, 2, 25
1745, 1, 25
1746, 0, 25
1747, 2, 25
1748, 2, 25
1749, 1, 25
1750, 3, 25
1751, 2, 25
1752, 2, 25
1753, 2, 25
1754, 1, 25
1755, 0, 25
1756, 3, 25
1757, 1, 25
1758, 2, 25
1759, 1, 25
1760, 0, 25
1761, 2, 25
1762, 4, 25
1763, 1, 25
1764, 3, 25
1765, 2, 25
1766, 0, 25
1767, 7, 25
1768, 4, 25
1769, 3, 25
1770, 4, 25
1771, 2, 25
1772, 2, 25
1773, 2, 25
1774, 2, 25
1775, 4, 25
1776, 1, 25
1777, 2, 25
1778, 1, 25
1779, 0, 25
1780, 2, 25
1781, 2, 25
1782, 3, 25
1783, 0, 25
1784, 1, 25
1785, 2, 25
1786, 2, 25
1787, 0, 25
1788, 3, 25
1789, 2, 25
1790, 2, 25
1791, 1, 25
1792, 1, 25
1793, 2, 25
1794, 0, 25
1795, 2, 25
1796, 1, 25
1797, 1, 25
1798, 3, 25
1799, 1, 25
1800, 1, 25
1801, 2, 25
1802, 0, 25
1803, 4, 25
1804, 2, 25
1805, 2, 25
1806, 1, 25
1807, 2, 25
1808, 0, 25
1809, 0, 25
1810, 3, 25
1811, 4, 25
1812, 0, 25
1813, 0, 25
1814, 2, 25
1815, 1, 25
1816, 1, 25
1817, 2, 25
1818, 2, 25
1819, 4, 25
1820, 1, 25
1821, 0, 25
1822, 3, 25
1823, 0, 25
1824, 0, 25
1825, 1, 25
1826, 5, 25
1827, 2, 25
1828, 3, 25
1829, 1, 25
1830, 0, 25
1831, 2, 25
1832, 5, 25
1833, 2, 25
1834, 8, 25
1835, 0, 25
1836, 1, 25
1837, 12, 25
1838, 0, 25
1839, 4, 25
1840, 9, 25
1841, 0, 25
1842, 0, 25
1843, 6, 25
1844, 2, 25
1845, 1, 25
1846, 0, 25
1847, 2, 25
1848, 0, 25
1849, 2, 25
1850, 2, 25
1851, 2, 25
1852, 2, 25
1853, 1, 25
1854, 0, 25
1855, 2, 25
1856, 0, 25
1857, 5, 25
1858, 2, 25
1859, 0, 25
1860, 0, 25
1861, 4, 25
1862, 1, 25
1863, 2, 25
1864, 2, 25
1865, 3, 25
1866, 2, 25
1867, 0, 25
1868, 3, 25
1869, 1, 25
1870, 2, 25
1871, 1, 25
1872, 5, 25
1873, 2, 25
1874, 0, 25
1875, 1, 25
1876, 2, 25
1877, 1, 25
1878, 3, 25
1879, 1, 25
1880, 2, 25
1881, 2, 25
1882, 0, 25
1883, 1, 25
1884, 0, 25
1885, 2, 25
1886, 8, 25
1887, 6, 25
1888, 5, 25
1889, 1, 25
1890, 5, 25
1891, 2, 25
1892, 2, 25
1893, 3, 25
1894, 1, 25
1895, 1, 25
1896, 0, 25
1897, 3, 25
1898, 0, 25
1899, 3, 25
1900, 0, 25
1901, 1, 25
1902, 0, 25
1903, 2, 25
1904, 2, 25
1905, 2, 25
1906, 3, 25
1907, 3, 25
1908, 3, 25
1909, 0, 25
1910, 4, 25
1911, 6, 25
1912, 2, 25
1913, 1, 25
1914, 2, 25
1915, 3, 25
1916, 5, 25
1917, 3, 25
1918, 7, 25
1919, 2, 25
1920, 2, 25
1921, 4, 25
1922, 4, 25
1923, 1, 25
1924, 1, 25
1925, 0, 25
1926, 2, 25
1927, 3, 25
1928, 3, 25
1929, 1, 25
1930, 4, 25
1931, 1, 25
1932, 2, 25
1933, 10, 25
1934, 1, 25
1935, 1, 25
1936, 1, 25
1937, 1, 25
1938, 0, 25
1939, 2, 25
1940, 4, 25
1941, 4, 25
1942, 3, 25
1943, 0, 25
1944, 11, 25
1945, 1, 25
1946, 2, 25
1947, 0, 25
1948, 2, 25
1949, 1, 25
1950, 3, 25
1951, 2, 25
1952, 0, 25
1953, 4, 25
1954, 0, 25
1955, 0, 25
1956, 2, 25
1957, 1, 25
1958, 0, 25
1959, 1, 25
1960, 0, 25
1961, 1, 25
1962, 1, 25
1963, 0, 25
1964, 4, 25
1965, 4, 25
1966, 2, 25
1967, 0, 25
1968, 2, 25
1969, 0, 25
1970, 0, 25
1971, 5, 25
1972, 2, 25
1973, 2, 25
1974, 0, 25
1975, 0, 25
1976, 1, 25
1977, 2, 25
1978, 4, 25
1979, 5, 25
1980, 3, 25
1981, 2, 25
1982, 0, 25
1983, 2, 25
1984, 5, 25
1985, 2, 25
1986, 2, 25
1987, 3, 25
1988, 1, 25
1989, 0, 25
1990, 4, 25
1991, 0, 25
1992, 0, 25
1993, 1, 25
1994, 0, 25
1995, 2, 25
1996, 3, 25
1997, 2, 25
1998, 0, 25
1999, 1, 25
2000, 0, 25
2001, 3, 25
2002, 2, 25
2003, 0, 25
2004, 0, 25
2005, 0, 25
2006, 3, 25
2007, 0, 25
2008, 0, 25
2009, 1, 25
2010, 5, 25
2011, 1, 25
2012, 1, 25
2013, 0, 25
2014, 2, 25
2015, 1, 25
2016, 1, 25
2017, 2, 25
2018, 1, 25
2019, 9, 25
2020, 2, 25
2021, 2, 25
2022, 1, 25
2023, 0, 25
2024, 2, 25
2025, 4, 25
2026, 1, 25
2027, 2, 25
2028, 1, 25
2029, 1, 25
2030, 2, 25
2031, 2, 25
2032, 2, 25
2033, 2, 25
2034, 3, 25
2035, 3, 25
2036, 3, 25
2037, 5, 25
2038, 1, 25
2039, 6, 25
2040, 0, 25
2041, 1, 25
2042, 1, 25
